Probability Power PlanetMass Frequency Period RVamplitude
0.0 0.0 0.0 0.08 12.9 0.0
0.0 0.0 0.0 0.09 10.55 1.77
0.0 0.0 0.0 0.11 8.92 3.53
0.0 0.0 0.0 0.13 7.73 5.3
0.0 0.0 0.0 0.15 6.82 7.07
0.0 0.0 0.0 0.16 6.1 8.83
0.0 0.0 0.0 0.18 5.52 10.6
0.0 0.0 0.0 0.2 5.04 12.37
0.0 0.0 0.0 0.22 4.63 14.13
0.0 0.0 0.0 0.23 4.29 15.9
0.0 0.0 0.0 0.25 3.99 17.67
0.0 0.0 0.0 0.27 3.74 19.43
0.0 0.0 0.0 0.28 3.51 21.2
0.0 0.0 0.0 0.3 3.31 22.97
0.0 0.0 0.0 0.32 3.13 24.73
0.0 0.0 0.0 0.34 2.97 26.5
0.0 0.0 0.0 0.35 2.82 28.27
0.0 0.0 0.0 0.37 2.69 30.03
0.0 0.0 0.0 0.39 2.57 31.8
0.0 0.0 0.0 0.41 2.46 33.57
0.0 0.0 0.0 0.42 2.36 35.33
0.0 0.0 0.0 0.44 2.27 37.1
0.0 0.0 0.0 0.46 2.18 38.86
0.0 0.0 0.0 0.48 2.1 40.63
0.0 0.0 0.0 0.49 2.03 42.4
0.0 0.0 0.0 0.51 1.96 44.16
0.0 0.0 0.0 0.53 1.9 45.93
0.0 0.0 0.0 0.54 1.84 47.69
0.0 0.0 0.0 0.56 1.78 49.46
0.0 0.0 0.0 0.58 1.73 51.23
0.0 0.0 0.0 0.6 1.68 52.99
0.0 0.0 0.0 0.61 1.63 54.76
0.0 0.0 0.0 0.63 1.59 56.52
0.0 0.0 0.0 0.65 1.54 58.29
0.0 0.0 0.0 0.67 1.5 60.05
0.0 0.0 0.0 0.68 1.47 61.82
0.0 0.0 0.0 0.7 1.43 63.58
0.0 0.0 0.0 0.72 1.39 65.35
0.0 0.0 0.0 0.73 1.36 67.11
0.0 0.0 0.0 0.75 1.33 68.88
0.0 0.0 0.0 0.77 1.3 70.65
0.0 0.0 0.0 0.79 1.27 72.41
0.0 0.0 0.0 0.8 1.24 74.18
0.0 0.0 0.0 0.82 1.22 75.94
0.0 0.0 0.0 0.84 1.19 77.71
0.0 0.0 0.0 0.86 1.17 79.47
0.0 0.0 0.0 0.87 1.15 81.24
0.0 0.0 0.0 0.89 1.12 83.0
0.0 0.0 0.0 0.91 1.1 84.77
0.0 0.0 0.0 0.92 1.08 86.53
0.0 0.04 0.02 0.08 12.9 0.0
0.0 0.04 0.02 0.09 10.55 1.89
0.0 0.04 0.02 0.11 8.92 3.78
0.0 0.03 0.02 0.13 7.73 5.67
0.0 0.07 0.02 0.15 6.82 7.56
0.0 0.08 0.02 0.16 6.1 9.45
0.0 0.05 0.02 0.18 5.52 11.34
0.0 0.04 0.02 0.2 5.04 13.23
0.0 0.06 0.02 0.22 4.63 15.12
0.0 0.09 0.02 0.23 4.29 17.0
0.0 0.07 0.02 0.25 3.99 18.89
0.0 0.05 0.02 0.27 3.74 20.78
0.0 0.07 0.02 0.28 3.51 22.67
0.0 0.08 0.02 0.3 3.31 24.56
0.0 0.08 0.02 0.32 3.13 26.45
0.0 0.05 0.02 0.34 2.97 28.34
0.0 0.05 0.02 0.35 2.82 30.23
0.0 0.08 0.02 0.37 2.69 32.12
0.0 0.09 0.02 0.39 2.57 34.01
0.0 0.1 0.02 0.41 2.46 35.89
0.0 0.11 0.02 0.42 2.36 37.78
0.0 0.1 0.02 0.44 2.27 39.67
0.0 0.09 0.02 0.46 2.18 41.56
0.0 0.06 0.02 0.48 2.1 43.45
0.0 0.06 0.02 0.49 2.03 45.34
0.0 0.06 0.02 0.51 1.96 47.23
0.0 0.07 0.02 0.53 1.9 49.11
0.0 0.1 0.02 0.54 1.84 51.0
0.0 0.1 0.02 0.56 1.78 52.89
0.0 0.12 0.02 0.58 1.73 54.78
0.0 0.12 0.02 0.6 1.68 56.67
0.0 0.1 0.02 0.61 1.63 58.56
0.0 0.08 0.02 0.63 1.59 60.44
0.0 0.05 0.02 0.65 1.54 62.33
0.0 0.08 0.02 0.67 1.5 64.22
0.0 0.1 0.02 0.68 1.47 66.11
0.0 0.11 0.02 0.7 1.43 68.0
0.0 0.1 0.02 0.72 1.39 69.88
0.0 0.08 0.02 0.73 1.36 71.77
0.0 0.12 0.02 0.75 1.33 73.66
0.0 0.14 0.02 0.77 1.3 75.55
0.0 0.11 0.02 0.79 1.27 77.43
0.0 0.08 0.02 0.8 1.24 79.32
0.0 0.1 0.02 0.82 1.22 81.21
0.0 0.14 0.02 0.84 1.19 83.1
0.0 0.13 0.02 0.86 1.17 84.99
0.0 0.07 0.02 0.87 1.15 86.87
0.0 0.08 0.02 0.89 1.12 88.76
0.0 0.11 0.02 0.91 1.1 90.65
0.0 0.12 0.02 0.92 1.08 92.53
0.0 0.09 0.04 0.08 12.9 0.0
0.0 0.1 0.04 0.09 10.55 2.0
0.0 0.09 0.04 0.11 8.92 4.0
0.0 0.09 0.04 0.13 7.73 5.99
0.0 0.15 0.04 0.15 6.82 7.99
0.0 0.15 0.04 0.16 6.1 9.99
0.0 0.1 0.04 0.18 5.52 11.99
0.0 0.06 0.04 0.2 5.04 13.99
0.0 0.11 0.04 0.22 4.63 15.98
0.0 0.17 0.04 0.23 4.29 17.98
0.0 0.16 0.04 0.25 3.99 19.98
0.0 0.12 0.04 0.27 3.74 21.98
0.0 0.16 0.04 0.28 3.51 23.97
0.0 0.18 0.04 0.3 3.31 25.97
0.0 0.17 0.04 0.32 3.13 27.97
0.0 0.13 0.04 0.34 2.97 29.97
0.0 0.12 0.04 0.35 2.82 31.96
0.0 0.17 0.04 0.37 2.69 33.96
0.0 0.19 0.04 0.39 2.57 35.96
0.0 0.21 0.04 0.41 2.46 37.96
0.0 0.22 0.04 0.42 2.36 39.95
0.0 0.21 0.04 0.44 2.27 41.95
0.0 0.19 0.04 0.46 2.18 43.95
0.0 0.16 0.04 0.48 2.1 45.94
0.0 0.17 0.04 0.49 2.03 47.94
0.0 0.18 0.04 0.51 1.96 49.94
0.0 0.18 0.04 0.53 1.9 51.93
0.0 0.21 0.04 0.54 1.84 53.93
0.0 0.21 0.04 0.56 1.78 55.93
0.0 0.23 0.04 0.58 1.73 57.92
0.0 0.23 0.04 0.6 1.68 59.92
0.0 0.21 0.04 0.61 1.63 61.92
0.0 0.18 0.04 0.63 1.59 63.91
0.0 0.14 0.04 0.65 1.54 65.91
0.0 0.2 0.04 0.67 1.5 67.91
0.0 0.23 0.04 0.68 1.47 69.9
0.0 0.24 0.04 0.7 1.43 71.9
0.0 0.22 0.04 0.72 1.39 73.9
0.0 0.2 0.04 0.73 1.36 75.89
0.0 0.25 0.04 0.75 1.33 77.89
0.0 0.25 0.04 0.77 1.3 79.88
0.0 0.18 0.04 0.79 1.27 81.88
0.0 0.13 0.04 0.8 1.24 83.88
0.0 0.17 0.04 0.82 1.22 85.87
0.0 0.24 0.04 0.84 1.19 87.87
0.0 0.27 0.04 0.86 1.17 89.86
0.0 0.19 0.04 0.87 1.15 91.86
0.0 0.2 0.04 0.89 1.12 93.86
0.0 0.25 0.04 0.91 1.1 95.85
0.0 0.27 0.04 0.92 1.08 97.85
0.0 0.15 0.06 0.08 12.9 0.0
0.0 0.16 0.06 0.09 10.55 2.1
0.0 0.15 0.06 0.11 8.92 4.19
0.0 0.15 0.06 0.13 7.73 6.29
0.0 0.23 0.06 0.15 6.82 8.38
0.0 0.22 0.06 0.16 6.1 10.48
0.0 0.14 0.06 0.18 5.52 12.57
0.0 0.08 0.06 0.2 5.04 14.67
0.0 0.15 0.06 0.22 4.63 16.77
0.0 0.23 0.06 0.23 4.29 18.86
0.0 0.24 0.06 0.25 3.99 20.96
0.0 0.2 0.06 0.27 3.74 23.05
0.0 0.25 0.06 0.28 3.51 25.15
0.0 0.28 0.06 0.3 3.31 27.24
0.0 0.27 0.06 0.32 3.13 29.34
0.0 0.22 0.06 0.34 2.97 31.43
0.0 0.21 0.06 0.35 2.82 33.53
0.0 0.27 0.06 0.37 2.69 35.62
0.0 0.29 0.06 0.39 2.57 37.72
0.0 0.3 0.06 0.41 2.46 39.81
0.0 0.32 0.06 0.42 2.36 41.91
0.0 0.31 0.06 0.44 2.27 44.0
0.0 0.3 0.06 0.46 2.18 46.1
0.0 0.28 0.06 0.48 2.1 48.19
0.0 0.3 0.06 0.49 2.03 50.29
0.0 0.32 0.06 0.51 1.96 52.38
0.0 0.3 0.06 0.53 1.9 54.48
0.0 0.32 0.06 0.54 1.84 56.57
0.0 0.31 0.06 0.56 1.78 58.67
0.0 0.33 0.06 0.58 1.73 60.76
0.0 0.34 0.06 0.6 1.68 62.85
0.0 0.31 0.06 0.61 1.63 64.95
0.0 0.3 0.06 0.63 1.59 67.04
0.0 0.26 0.06 0.65 1.54 69.14
0.0 0.33 0.06 0.67 1.5 71.23
0.0 0.35 0.06 0.68 1.47 73.33
0.0 0.36 0.06 0.7 1.43 75.42
0.0 0.34 0.06 0.72 1.39 77.51
0.0 0.32 0.06 0.73 1.36 79.61
0.0 0.36 0.06 0.75 1.33 81.7
0.0 0.34 0.06 0.77 1.3 83.8
0.0 0.24 0.06 0.79 1.27 85.89
0.0 0.16 0.06 0.8 1.24 87.98
0.0 0.22 0.06 0.82 1.22 90.08
0.0 0.33 0.06 0.84 1.19 92.17
0.0 0.39 0.06 0.86 1.17 94.26
0.0 0.32 0.06 0.87 1.15 96.36
0.0 0.33 0.06 0.89 1.12 98.45
0.0 0.38 0.06 0.91 1.1 100.54
0.0 0.4 0.06 0.92 1.08 102.64
0.0 0.2 0.08 0.08 12.9 0.0
0.0 0.22 0.08 0.09 10.55 2.19
0.0 0.21 0.08 0.11 8.92 4.37
0.0 0.22 0.08 0.13 7.73 6.56
0.0 0.31 0.08 0.15 6.82 8.74
0.0 0.27 0.08 0.16 6.1 10.93
0.0 0.17 0.08 0.18 5.52 13.11
0.0 0.1 0.08 0.2 5.04 15.3
0.0 0.18 0.08 0.22 4.63 17.48
0.0 0.29 0.08 0.23 4.29 19.67
0.0 0.32 0.08 0.25 3.99 21.85
0.0 0.29 0.08 0.27 3.74 24.04
0.0 0.34 0.08 0.28 3.51 26.22
0.0 0.37 0.08 0.3 3.31 28.41
0.0 0.37 0.08 0.32 3.13 30.59
0.0 0.32 0.08 0.34 2.97 32.78
0.0 0.3 0.08 0.35 2.82 34.96
0.0 0.36 0.08 0.37 2.69 37.14
0.0 0.37 0.08 0.39 2.57 39.33
0.0 0.39 0.08 0.41 2.46 41.51
0.0 0.41 0.08 0.42 2.36 43.7
0.0 0.41 0.08 0.44 2.27 45.88
0.0 0.4 0.08 0.46 2.18 48.07
0.0 0.39 0.08 0.48 2.1 50.25
0.0 0.43 0.08 0.49 2.03 52.43
0.0 0.45 0.08 0.51 1.96 54.62
0.0 0.41 0.08 0.53 1.9 56.8
0.0 0.42 0.08 0.54 1.84 58.99
0.0 0.39 0.08 0.56 1.78 61.17
0.0 0.41 0.08 0.58 1.73 63.35
0.0 0.43 0.08 0.6 1.68 65.54
0.0 0.4 0.08 0.61 1.63 67.72
0.0 0.42 0.08 0.63 1.59 69.9
0.0 0.38 0.08 0.65 1.54 72.09
0.0 0.44 0.08 0.67 1.5 74.27
0.0 0.46 0.08 0.68 1.47 76.46
0.0 0.47 0.08 0.7 1.43 78.64
0.0 0.45 0.08 0.72 1.39 80.82
0.0 0.43 0.08 0.73 1.36 83.01
0.0 0.46 0.08 0.75 1.33 85.19
0.0 0.4 0.08 0.77 1.3 87.37
0.0 0.28 0.08 0.79 1.27 89.56
0.0 0.19 0.08 0.8 1.24 91.74
0.0 0.26 0.08 0.82 1.22 93.92
0.0 0.39 0.08 0.84 1.19 96.1
0.0 0.49 0.08 0.86 1.17 98.29
0.0 0.45 0.08 0.87 1.15 100.47
0.0 0.45 0.08 0.89 1.12 102.65
0.0 0.49 0.08 0.91 1.1 104.84
0.0 0.51 0.08 0.92 1.08 107.02
0.0 0.26 0.1 0.08 12.9 0.0
0.0 0.29 0.1 0.09 10.55 2.27
0.0 0.28 0.1 0.11 8.92 4.54
0.0 0.3 0.1 0.13 7.73 6.8
0.0 0.38 0.1 0.15 6.82 9.07
0.0 0.32 0.1 0.16 6.1 11.34
0.0 0.19 0.1 0.18 5.52 13.61
0.0 0.11 0.1 0.2 5.04 15.88
0.0 0.21 0.1 0.22 4.63 18.14
0.0 0.34 0.1 0.23 4.29 20.41
0.0 0.39 0.1 0.25 3.99 22.68
0.0 0.37 0.1 0.27 3.74 24.95
0.0 0.42 0.1 0.28 3.51 27.21
0.0 0.45 0.1 0.3 3.31 29.48
0.0 0.45 0.1 0.32 3.13 31.75
0.0 0.41 0.1 0.34 2.97 34.02
0.0 0.39 0.1 0.35 2.82 36.28
0.0 0.44 0.1 0.37 2.69 38.55
0.0 0.44 0.1 0.39 2.57 40.82
0.0 0.46 0.1 0.41 2.46 43.08
0.0 0.48 0.1 0.42 2.36 45.35
0.0 0.48 0.1 0.44 2.27 47.62
0.0 0.49 0.1 0.46 2.18 49.88
0.0 0.49 0.1 0.48 2.1 52.15
0.0 0.54 0.1 0.49 2.03 54.42
0.0 0.56 0.1 0.51 1.96 56.68
0.0 0.51 0.1 0.53 1.9 58.95
0.0 0.5 0.1 0.54 1.84 61.22
0.0 0.47 0.1 0.56 1.78 63.48
0.0 0.48 0.1 0.58 1.73 65.75
0.0 0.5 0.1 0.6 1.68 68.02
0.0 0.48 0.1 0.61 1.63 70.28
0.0 0.51 0.1 0.63 1.59 72.55
0.0 0.49 0.1 0.65 1.54 74.82
0.0 0.53 0.1 0.67 1.5 77.08
0.0 0.54 0.1 0.68 1.47 79.35
0.0 0.55 0.1 0.7 1.43 81.61
0.0 0.54 0.1 0.72 1.39 83.88
0.0 0.53 0.1 0.73 1.36 86.15
0.0 0.54 0.1 0.75 1.33 88.41
0.0 0.46 0.1 0.77 1.3 90.68
0.0 0.32 0.1 0.79 1.27 92.94
0.0 0.21 0.1 0.8 1.24 95.21
0.0 0.28 0.1 0.82 1.22 97.47
0.0 0.44 0.1 0.84 1.19 99.74
0.0 0.56 0.1 0.86 1.17 102.01
0.0 0.55 0.1 0.87 1.15 104.27
0.0 0.54 0.1 0.89 1.12 106.54
0.0 0.57 0.1 0.91 1.1 108.8
0.0 0.59 0.1 0.92 1.08 111.07
0.0 0.32 0.12 0.08 12.9 0.0
0.0 0.35 0.12 0.09 10.55 2.35
0.0 0.34 0.12 0.11 8.92 4.69
0.0 0.37 0.12 0.13 7.73 7.04
0.0 0.44 0.12 0.15 6.82 9.38
0.0 0.36 0.12 0.16 6.1 11.73
0.0 0.21 0.12 0.18 5.52 14.07
0.0 0.13 0.12 0.2 5.04 16.41
0.0 0.23 0.12 0.22 4.63 18.76
0.0 0.38 0.12 0.23 4.29 21.1
0.0 0.46 0.12 0.25 3.99 23.45
0.0 0.45 0.12 0.27 3.74 25.79
0.0 0.49 0.12 0.28 3.51 28.14
0.0 0.51 0.12 0.3 3.31 30.48
0.0 0.52 0.12 0.32 3.13 32.83
0.0 0.49 0.12 0.34 2.97 35.17
0.0 0.47 0.12 0.35 2.82 37.52
0.0 0.51 0.12 0.37 2.69 39.86
0.0 0.5 0.12 0.39 2.57 42.2
0.0 0.51 0.12 0.41 2.46 44.55
0.0 0.54 0.12 0.42 2.36 46.89
0.0 0.55 0.12 0.44 2.27 49.24
0.0 0.56 0.12 0.46 2.18 51.58
0.0 0.57 0.12 0.48 2.1 53.92
0.0 0.62 0.12 0.49 2.03 56.27
0.0 0.64 0.12 0.51 1.96 58.61
0.0 0.59 0.12 0.53 1.9 60.95
0.0 0.57 0.12 0.54 1.84 63.3
0.0 0.52 0.12 0.56 1.78 65.64
0.0 0.54 0.12 0.58 1.73 67.98
0.0 0.55 0.12 0.6 1.68 70.33
0.0 0.54 0.12 0.61 1.63 72.67
0.0 0.59 0.12 0.63 1.59 75.01
0.0 0.58 0.12 0.65 1.54 77.36
0.0 0.61 0.12 0.67 1.5 79.7
0.0 0.62 0.12 0.68 1.47 82.04
0.0 0.62 0.12 0.7 1.43 84.39
0.0 0.61 0.12 0.72 1.39 86.73
0.0 0.6 0.12 0.73 1.36 89.07
0.0 0.6 0.12 0.75 1.33 91.42
0.0 0.5 0.12 0.77 1.3 93.76
0.0 0.34 0.12 0.79 1.27 96.1
0.0 0.23 0.12 0.8 1.24 98.44
0.0 0.3 0.12 0.82 1.22 100.79
0.0 0.48 0.12 0.84 1.19 103.13
0.0 0.62 0.12 0.86 1.17 105.47
0.0 0.63 0.12 0.87 1.15 107.81
0.0 0.62 0.12 0.89 1.12 110.16
0.0 0.64 0.12 0.91 1.1 112.5
0.0 0.66 0.12 0.92 1.08 114.84
0.0 0.37 0.14 0.08 12.9 0.0
0.0 0.41 0.14 0.09 10.55 2.42
0.0 0.4 0.14 0.11 8.92 4.83
0.0 0.44 0.14 0.13 7.73 7.25
0.0 0.49 0.14 0.15 6.82 9.67
0.0 0.4 0.14 0.16 6.1 12.09
0.0 0.23 0.14 0.18 5.52 14.5
0.0 0.14 0.14 0.2 5.04 16.92
0.0 0.25 0.14 0.22 4.63 19.34
0.0 0.41 0.14 0.23 4.29 21.75
0.0 0.52 0.14 0.25 3.99 24.17
0.0 0.51 0.14 0.27 3.74 26.59
0.0 0.55 0.14 0.28 3.51 29.01
0.0 0.57 0.14 0.3 3.31 31.42
0.0 0.58 0.14 0.32 3.13 33.84
0.0 0.56 0.14 0.34 2.97 36.26
0.0 0.54 0.14 0.35 2.82 38.67
0.0 0.57 0.14 0.37 2.69 41.09
0.0 0.55 0.14 0.39 2.57 43.5
0.0 0.56 0.14 0.41 2.46 45.92
0.0 0.58 0.14 0.42 2.36 48.34
0.0 0.6 0.14 0.44 2.27 50.75
0.0 0.62 0.14 0.46 2.18 53.17
0.0 0.64 0.14 0.48 2.1 55.59
0.7 0.69 0.14 0.49 2.03 58.0
0.8 0.7 0.14 0.51 1.96 60.42
0.8 0.66 0.14 0.53 1.9 62.83
0.0 0.63 0.14 0.54 1.84 65.25
0.0 0.58 0.14 0.56 1.78 67.66
0.0 0.58 0.14 0.58 1.73 70.08
0.0 0.6 0.14 0.6 1.68 72.5
0.0 0.6 0.14 0.61 1.63 74.91
0.0 0.66 0.14 0.63 1.59 77.33
0.0 0.65 0.14 0.65 1.54 79.74
0.4 0.67 0.14 0.67 1.5 82.16
0.6 0.67 0.14 0.68 1.47 84.57
0.7 0.67 0.14 0.7 1.43 86.99
0.8 0.67 0.14 0.72 1.39 89.4
0.8 0.67 0.14 0.73 1.36 91.82
0.0 0.65 0.14 0.75 1.33 94.23
0.0 0.53 0.14 0.77 1.3 96.65
0.0 0.36 0.14 0.79 1.27 99.06
0.0 0.24 0.14 0.8 1.24 101.48
0.0 0.32 0.14 0.82 1.22 103.89
0.0 0.51 0.14 0.84 1.19 106.31
0.4 0.67 0.14 0.86 1.17 108.72
1.0 0.7 0.14 0.87 1.15 111.14
1.0 0.68 0.14 0.89 1.12 113.55
1.0 0.7 0.14 0.91 1.1 115.97
0.3 0.71 0.14 0.92 1.08 118.38
0.0 0.42 0.16 0.08 12.9 0.0
0.0 0.46 0.16 0.09 10.55 2.49
0.0 0.46 0.16 0.11 8.92 4.97
0.0 0.5 0.16 0.13 7.73 7.46
0.0 0.54 0.16 0.15 6.82 9.94
0.0 0.43 0.16 0.16 6.1 12.43
0.0 0.24 0.16 0.18 5.52 14.91
0.0 0.14 0.16 0.2 5.04 17.4
0.0 0.26 0.16 0.22 4.63 19.88
0.0 0.44 0.16 0.23 4.29 22.37
0.0 0.56 0.16 0.25 3.99 24.85
0.0 0.57 0.16 0.27 3.74 27.34
0.0 0.6 0.16 0.28 3.51 29.82
0.0 0.61 0.16 0.3 3.31 32.31
0.0 0.63 0.16 0.32 3.13 34.79
0.0 0.62 0.16 0.34 2.97 37.28
0.0 0.6 0.16 0.35 2.82 39.76
0.0 0.62 0.16 0.37 2.69 42.25
0.0 0.59 0.16 0.39 2.57 44.73
0.0 0.6 0.16 0.41 2.46 47.22
0.0 0.62 0.16 0.42 2.36 49.7
0.0 0.64 0.16 0.44 2.27 52.19
0.5 0.67 0.16 0.46 2.18 54.67
1.0 0.7 0.16 0.48 2.1 57.15
0.7 0.74 0.16 0.49 2.03 59.64
0.8 0.75 0.16 0.51 1.96 62.12
0.9 0.71 0.16 0.53 1.9 64.61
0.9 0.68 0.16 0.54 1.84 67.09
0.0 0.62 0.16 0.56 1.78 69.57
0.0 0.61 0.16 0.58 1.73 72.06
0.0 0.64 0.16 0.6 1.68 74.54
0.0 0.64 0.16 0.61 1.63 77.03
0.9 0.71 0.16 0.63 1.59 79.51
1.0 0.71 0.16 0.65 1.54 81.99
0.5 0.72 0.16 0.67 1.5 84.48
0.7 0.71 0.16 0.68 1.47 86.96
0.8 0.72 0.16 0.7 1.43 89.44
0.9 0.72 0.16 0.72 1.39 91.93
1.0 0.72 0.16 0.73 1.36 94.41
0.9 0.69 0.16 0.75 1.33 96.89
0.0 0.56 0.16 0.77 1.3 99.38
0.0 0.38 0.16 0.79 1.27 101.86
0.0 0.25 0.16 0.8 1.24 104.34
0.0 0.33 0.16 0.82 1.22 106.83
0.0 0.54 0.16 0.84 1.19 109.31
0.5 0.7 0.16 0.86 1.17 111.79
1.0 0.75 0.16 0.87 1.15 114.27
1.0 0.73 0.16 0.89 1.12 116.76
1.0 0.74 0.16 0.91 1.1 119.24
0.4 0.75 0.16 0.92 1.08 121.72
0.0 0.47 0.18 0.08 12.9 0.0
0.0 0.51 0.18 0.09 10.55 2.55
0.0 0.51 0.18 0.11 8.92 5.1
0.0 0.56 0.18 0.13 7.73 7.65
0.0 0.58 0.18 0.15 6.82 10.2
0.0 0.46 0.18 0.16 6.1 12.75
0.0 0.26 0.18 0.18 5.52 15.3
0.0 0.15 0.18 0.2 5.04 17.85
0.0 0.27 0.18 0.22 4.63 20.4
0.0 0.47 0.18 0.23 4.29 22.95
0.0 0.61 0.18 0.25 3.99 25.5
0.0 0.62 0.18 0.27 3.74 28.05
0.0 0.64 0.18 0.28 3.51 30.6
0.0 0.65 0.18 0.3 3.31 33.15
0.8 0.67 0.18 0.32 3.13 35.7
0.9 0.67 0.18 0.34 2.97 38.25
0.0 0.66 0.18 0.35 2.82 40.8
0.7 0.66 0.18 0.37 2.69 43.35
0.0 0.63 0.18 0.39 2.57 45.9
0.0 0.63 0.18 0.41 2.46 48.44
0.0 0.66 0.18 0.42 2.36 50.99
0.5 0.68 0.18 0.44 2.27 53.54
0.7 0.71 0.18 0.46 2.18 56.09
1.0 0.74 0.18 0.48 2.1 58.64
0.7 0.78 0.18 0.49 2.03 61.19
0.8 0.79 0.18 0.51 1.96 63.74
1.0 0.75 0.18 0.53 1.9 66.29
1.0 0.72 0.18 0.54 1.84 68.84
0.0 0.65 0.18 0.56 1.78 71.38
0.0 0.64 0.18 0.58 1.73 73.93
0.3 0.67 0.18 0.6 1.68 76.48
0.8 0.68 0.18 0.61 1.63 79.03
1.0 0.75 0.18 0.63 1.59 81.58
1.0 0.75 0.18 0.65 1.54 84.13
1.0 0.76 0.18 0.67 1.5 86.67
0.7 0.75 0.18 0.68 1.47 89.22
0.9 0.75 0.18 0.7 1.43 91.77
1.0 0.75 0.18 0.72 1.39 94.32
1.0 0.76 0.18 0.73 1.36 96.87
1.0 0.72 0.18 0.75 1.33 99.41
0.0 0.58 0.18 0.77 1.3 101.96
0.0 0.39 0.18 0.79 1.27 104.51
0.0 0.25 0.18 0.8 1.24 107.06
0.0 0.34 0.18 0.82 1.22 109.6
0.0 0.56 0.18 0.84 1.19 112.15
0.7 0.73 0.18 0.86 1.17 114.7
1.0 0.79 0.18 0.87 1.15 117.25
1.0 0.77 0.18 0.89 1.12 119.79
1.0 0.77 0.18 0.91 1.1 122.34
1.0 0.78 0.18 0.92 1.08 124.89
0.0 0.51 0.2 0.08 12.9 0.0
0.0 0.55 0.2 0.09 10.55 2.61
0.0 0.56 0.2 0.11 8.92 5.22
0.0 0.61 0.2 0.13 7.73 7.84
0.0 0.62 0.2 0.15 6.82 10.45
0.0 0.48 0.2 0.16 6.1 13.06
0.0 0.27 0.2 0.18 5.52 15.67
0.0 0.16 0.2 0.2 5.04 18.28
0.0 0.29 0.2 0.22 4.63 20.89
0.0 0.49 0.2 0.23 4.29 23.5
0.0 0.64 0.2 0.25 3.99 26.12
0.7 0.66 0.2 0.27 3.74 28.73
0.6 0.67 0.2 0.28 3.51 31.34
0.7 0.69 0.2 0.3 3.31 33.95
0.9 0.71 0.2 0.32 3.13 36.56
1.0 0.71 0.2 0.34 2.97 39.17
1.0 0.7 0.2 0.35 2.82 41.78
0.9 0.69 0.2 0.37 2.69 44.39
0.8 0.66 0.2 0.39 2.57 47.0
0.0 0.66 0.2 0.41 2.46 49.61
0.3 0.68 0.2 0.42 2.36 52.22
0.5 0.71 0.2 0.44 2.27 54.84
0.8 0.74 0.2 0.46 2.18 57.45
1.0 0.78 0.2 0.48 2.1 60.06
0.8 0.82 0.2 0.49 2.03 62.67
0.9 0.82 0.2 0.51 1.96 65.28
1.0 0.79 0.2 0.53 1.9 67.89
1.0 0.75 0.2 0.54 1.84 70.5
1.0 0.68 0.2 0.56 1.78 73.11
0.3 0.67 0.2 0.58 1.73 75.72
0.5 0.69 0.2 0.6 1.68 78.33
0.8 0.72 0.2 0.61 1.63 80.94
1.0 0.78 0.2 0.63 1.59 83.55
1.0 0.79 0.2 0.65 1.54 86.16
1.0 0.79 0.2 0.67 1.5 88.77
1.0 0.78 0.2 0.68 1.47 91.38
1.0 0.78 0.2 0.7 1.43 93.98
1.0 0.78 0.2 0.72 1.39 96.59
1.0 0.79 0.2 0.73 1.36 99.2
1.0 0.74 0.2 0.75 1.33 101.81
0.0 0.6 0.2 0.77 1.3 104.42
0.0 0.4 0.2 0.79 1.27 107.03
0.0 0.26 0.2 0.8 1.24 109.64
0.0 0.35 0.2 0.82 1.22 112.25
0.0 0.57 0.2 0.84 1.19 114.86
0.9 0.75 0.2 0.86 1.17 117.47
1.0 0.82 0.2 0.87 1.15 120.08
1.0 0.8 0.2 0.89 1.12 122.68
1.0 0.8 0.2 0.91 1.1 125.29
1.0 0.8 0.2 0.92 1.08 127.9
0.0 0.55 0.22 0.08 12.9 0.0
0.0 0.59 0.22 0.09 10.55 2.67
0.0 0.6 0.22 0.11 8.92 5.34
0.0 0.65 0.22 0.13 7.73 8.01
0.0 0.65 0.22 0.15 6.82 10.68
0.0 0.5 0.22 0.16 6.1 13.35
0.0 0.28 0.22 0.18 5.52 16.02
0.0 0.16 0.22 0.2 5.04 18.69
0.0 0.3 0.22 0.22 4.63 21.36
0.0 0.51 0.22 0.23 4.29 24.03
0.7 0.67 0.22 0.25 3.99 26.7
0.8 0.7 0.22 0.27 3.74 29.37
0.7 0.7 0.22 0.28 3.51 32.04
0.8 0.71 0.22 0.3 3.31 34.71
0.9 0.74 0.22 0.32 3.13 37.38
1.0 0.74 0.22 0.34 2.97 40.05
1.0 0.74 0.22 0.35 2.82 42.72
1.0 0.73 0.22 0.37 2.69 45.39
1.0 0.69 0.22 0.39 2.57 48.06
1.0 0.68 0.22 0.41 2.46 50.73
0.4 0.71 0.22 0.42 2.36 53.4
0.6 0.73 0.22 0.44 2.27 56.07
1.0 0.77 0.22 0.46 2.18 58.74
1.0 0.8 0.22 0.48 2.1 61.41
1.0 0.84 0.22 0.49 2.03 64.08
0.9 0.85 0.22 0.51 1.96 66.75
1.0 0.82 0.22 0.53 1.9 69.41
1.0 0.77 0.22 0.54 1.84 72.08
1.0 0.7 0.22 0.56 1.78 74.75
1.0 0.69 0.22 0.58 1.73 77.42
0.6 0.71 0.22 0.6 1.68 80.09
0.9 0.74 0.22 0.61 1.63 82.76
1.0 0.81 0.22 0.63 1.59 85.43
1.0 0.82 0.22 0.65 1.54 88.09
1.0 0.81 0.22 0.67 1.5 90.76
1.0 0.8 0.22 0.68 1.47 93.43
1.0 0.8 0.22 0.7 1.43 96.1
1.0 0.81 0.22 0.72 1.39 98.77
1.0 0.81 0.22 0.73 1.36 101.44
1.0 0.77 0.22 0.75 1.33 104.1
0.0 0.61 0.22 0.77 1.3 106.77
0.0 0.41 0.22 0.79 1.27 109.44
0.0 0.26 0.22 0.8 1.24 112.11
0.0 0.36 0.22 0.82 1.22 114.78
0.0 0.58 0.22 0.84 1.19 117.44
1.0 0.77 0.22 0.86 1.17 120.11
1.0 0.85 0.22 0.87 1.15 122.78
1.0 0.83 0.22 0.89 1.12 125.45
1.0 0.82 0.22 0.91 1.1 128.11
1.0 0.82 0.22 0.92 1.08 130.78
0.0 0.58 0.24 0.08 12.9 0.0
0.0 0.62 0.24 0.09 10.55 2.73
0.0 0.64 0.24 0.11 8.92 5.45
0.9 0.69 0.24 0.13 7.73 8.18
1.0 0.67 0.24 0.15 6.82 10.91
0.0 0.51 0.24 0.16 6.1 13.63
0.0 0.28 0.24 0.18 5.52 16.36
0.0 0.16 0.24 0.2 5.04 19.09
0.0 0.3 0.24 0.22 4.63 21.81
0.0 0.53 0.24 0.23 4.29 24.54
0.8 0.7 0.24 0.25 3.99 27.27
1.0 0.73 0.24 0.27 3.74 29.99
0.8 0.73 0.24 0.28 3.51 32.72
0.8 0.74 0.24 0.3 3.31 35.44
1.0 0.76 0.24 0.32 3.13 38.17
1.0 0.77 0.24 0.34 2.97 40.9
1.0 0.77 0.24 0.35 2.82 43.62
1.0 0.75 0.24 0.37 2.69 46.35
1.0 0.71 0.24 0.39 2.57 49.07
1.0 0.7 0.24 0.41 2.46 51.8
0.4 0.72 0.24 0.42 2.36 54.53
1.0 0.75 0.24 0.44 2.27 57.25
1.0 0.79 0.24 0.46 2.18 59.98
1.0 0.83 0.24 0.48 2.1 62.7
1.0 0.86 0.24 0.49 2.03 65.43
0.9 0.87 0.24 0.51 1.96 68.15
1.0 0.84 0.24 0.53 1.9 70.88
1.0 0.8 0.24 0.54 1.84 73.6
1.0 0.72 0.24 0.56 1.78 76.33
1.0 0.7 0.24 0.58 1.73 79.05
0.7 0.73 0.24 0.6 1.68 81.78
0.9 0.76 0.24 0.61 1.63 84.5
1.0 0.83 0.24 0.63 1.59 87.23
1.0 0.84 0.24 0.65 1.54 89.95
1.0 0.84 0.24 0.67 1.5 92.68
1.0 0.82 0.24 0.68 1.47 95.4
1.0 0.82 0.24 0.7 1.43 98.13
1.0 0.83 0.24 0.72 1.39 100.85
1.0 0.84 0.24 0.73 1.36 103.57
1.0 0.78 0.24 0.75 1.33 106.3
0.0 0.63 0.24 0.77 1.3 109.02
0.0 0.41 0.24 0.79 1.27 111.75
0.0 0.27 0.24 0.8 1.24 114.47
0.0 0.36 0.24 0.82 1.22 117.19
0.0 0.59 0.24 0.84 1.19 119.92
1.0 0.79 0.24 0.86 1.17 122.64
1.0 0.87 0.24 0.87 1.15 125.37
1.0 0.85 0.24 0.89 1.12 128.09
1.0 0.84 0.24 0.91 1.1 130.81
1.0 0.84 0.24 0.92 1.08 133.54
0.0 0.62 0.27 0.08 12.9 0.0
0.0 0.65 0.27 0.09 10.55 2.78
0.3 0.67 0.27 0.11 8.92 5.56
1.0 0.72 0.27 0.13 7.73 8.34
1.0 0.7 0.27 0.15 6.82 11.12
0.0 0.53 0.27 0.16 6.1 13.9
0.0 0.29 0.27 0.18 5.52 16.68
0.0 0.17 0.27 0.2 5.04 19.47
0.0 0.31 0.27 0.22 4.63 22.25
0.0 0.54 0.27 0.23 4.29 25.03
1.0 0.72 0.27 0.25 3.99 27.81
1.0 0.76 0.27 0.27 3.74 30.59
0.9 0.75 0.27 0.28 3.51 33.37
0.9 0.76 0.27 0.3 3.31 36.15
1.0 0.78 0.27 0.32 3.13 38.93
1.0 0.8 0.27 0.34 2.97 41.71
1.0 0.79 0.27 0.35 2.82 44.49
1.0 0.77 0.27 0.37 2.69 47.27
1.0 0.73 0.27 0.39 2.57 50.05
1.0 0.71 0.27 0.41 2.46 52.83
1.0 0.74 0.27 0.42 2.36 55.61
1.0 0.77 0.27 0.44 2.27 58.39
1.0 0.81 0.27 0.46 2.18 61.17
1.0 0.85 0.27 0.48 2.1 63.94
1.0 0.88 0.27 0.49 2.03 66.72
0.9 0.88 0.27 0.51 1.96 69.5
1.0 0.86 0.27 0.53 1.9 72.28
1.0 0.81 0.27 0.54 1.84 75.06
1.0 0.74 0.27 0.56 1.78 77.84
1.0 0.71 0.27 0.58 1.73 80.62
0.8 0.74 0.27 0.6 1.68 83.4
1.0 0.78 0.27 0.61 1.63 86.18
1.0 0.85 0.27 0.63 1.59 88.96
1.0 0.86 0.27 0.65 1.54 91.73
1.0 0.85 0.27 0.67 1.5 94.51
1.0 0.84 0.27 0.68 1.47 97.29
1.0 0.83 0.27 0.7 1.43 100.07
1.0 0.84 0.27 0.72 1.39 102.85
1.0 0.85 0.27 0.73 1.36 105.63
1.0 0.8 0.27 0.75 1.33 108.41
0.0 0.64 0.27 0.77 1.3 111.18
0.0 0.42 0.27 0.79 1.27 113.96
0.0 0.27 0.27 0.8 1.24 116.74
0.0 0.37 0.27 0.82 1.22 119.52
0.0 0.6 0.27 0.84 1.19 122.3
1.0 0.8 0.27 0.86 1.17 125.07
1.0 0.88 0.27 0.87 1.15 127.85
1.0 0.86 0.27 0.89 1.12 130.63
1.0 0.85 0.27 0.91 1.1 133.41
1.0 0.85 0.27 0.92 1.08 136.18
0.0 0.64 0.29 0.08 12.9 0.0
0.3 0.68 0.29 0.09 10.55 2.83
0.8 0.7 0.29 0.11 8.92 5.67
1.0 0.75 0.29 0.13 7.73 8.5
1.0 0.72 0.29 0.15 6.82 11.33
0.0 0.54 0.29 0.16 6.1 14.16
0.0 0.3 0.29 0.18 5.52 17.0
0.0 0.17 0.29 0.2 5.04 19.83
0.0 0.32 0.29 0.22 4.63 22.66
0.0 0.56 0.29 0.23 4.29 25.49
1.0 0.74 0.29 0.25 3.99 28.33
1.0 0.78 0.29 0.27 3.74 31.16
1.0 0.77 0.29 0.28 3.51 33.99
0.9 0.77 0.29 0.3 3.31 36.82
1.0 0.8 0.29 0.32 3.13 39.66
1.0 0.82 0.29 0.34 2.97 42.49
1.0 0.82 0.29 0.35 2.82 45.32
1.0 0.79 0.29 0.37 2.69 48.15
1.0 0.74 0.29 0.39 2.57 50.98
1.0 0.73 0.29 0.41 2.46 53.81
1.0 0.75 0.29 0.42 2.36 56.65
1.0 0.78 0.29 0.44 2.27 59.48
1.0 0.82 0.29 0.46 2.18 62.31
1.0 0.86 0.29 0.48 2.1 65.14
1.0 0.89 0.29 0.49 2.03 67.97
0.9 0.9 0.29 0.51 1.96 70.8
1.0 0.87 0.29 0.53 1.9 73.63
1.0 0.83 0.29 0.54 1.84 76.47
1.0 0.75 0.29 0.56 1.78 79.3
1.0 0.73 0.29 0.58 1.73 82.13
1.0 0.75 0.29 0.6 1.68 84.96
1.0 0.79 0.29 0.61 1.63 87.79
1.0 0.86 0.29 0.63 1.59 90.62
1.0 0.88 0.29 0.65 1.54 93.45
1.0 0.87 0.29 0.67 1.5 96.28
1.0 0.85 0.29 0.68 1.47 99.11
1.0 0.85 0.29 0.7 1.43 101.94
1.0 0.86 0.29 0.72 1.39 104.77
1.0 0.87 0.29 0.73 1.36 107.6
1.0 0.81 0.29 0.75 1.33 110.43
0.0 0.64 0.29 0.77 1.3 113.26
0.0 0.42 0.29 0.79 1.27 116.09
0.0 0.27 0.29 0.8 1.24 118.92
0.0 0.37 0.29 0.82 1.22 121.75
0.0 0.61 0.29 0.84 1.19 124.58
1.0 0.81 0.29 0.86 1.17 127.41
1.0 0.9 0.29 0.87 1.15 130.24
1.0 0.88 0.29 0.89 1.12 133.07
1.0 0.86 0.29 0.91 1.1 135.9
1.0 0.86 0.29 0.92 1.08 138.73
0.2 0.67 0.31 0.08 12.9 0.0
0.4 0.7 0.31 0.09 10.55 2.88
0.8 0.72 0.31 0.11 8.92 5.77
1.0 0.77 0.31 0.13 7.73 8.65
1.0 0.73 0.31 0.15 6.82 11.53
0.0 0.55 0.31 0.16 6.1 14.42
0.0 0.3 0.31 0.18 5.52 17.3
0.0 0.17 0.31 0.2 5.04 20.18
0.0 0.32 0.31 0.22 4.63 23.06
0.0 0.57 0.31 0.23 4.29 25.95
1.0 0.76 0.31 0.25 3.99 28.83
1.0 0.8 0.31 0.27 3.74 31.71
1.0 0.79 0.31 0.28 3.51 34.59
1.0 0.79 0.31 0.3 3.31 37.48
1.0 0.81 0.31 0.32 3.13 40.36
1.0 0.84 0.31 0.34 2.97 43.24
1.0 0.84 0.31 0.35 2.82 46.12
1.0 0.81 0.31 0.37 2.69 49.0
1.0 0.76 0.31 0.39 2.57 51.89
1.0 0.74 0.31 0.41 2.46 54.77
1.0 0.76 0.31 0.42 2.36 57.65
1.0 0.8 0.31 0.44 2.27 60.53
1.0 0.84 0.31 0.46 2.18 63.41
1.0 0.88 0.31 0.48 2.1 66.3
1.0 0.91 0.31 0.49 2.03 69.18
0.9 0.91 0.31 0.51 1.96 72.06
1.0 0.88 0.31 0.53 1.9 74.94
1.0 0.84 0.31 0.54 1.84 77.82
1.0 0.76 0.31 0.56 1.78 80.7
1.0 0.74 0.31 0.58 1.73 83.58
1.0 0.76 0.31 0.6 1.68 86.46
1.0 0.81 0.31 0.61 1.63 89.35
1.0 0.88 0.31 0.63 1.59 92.23
1.0 0.89 0.31 0.65 1.54 95.11
1.0 0.88 0.31 0.67 1.5 97.99
1.0 0.86 0.31 0.68 1.47 100.87
1.0 0.86 0.31 0.7 1.43 103.75
1.0 0.87 0.31 0.72 1.39 106.63
1.0 0.88 0.31 0.73 1.36 109.51
1.0 0.82 0.31 0.75 1.33 112.39
0.0 0.65 0.31 0.77 1.3 115.27
0.0 0.43 0.31 0.79 1.27 118.15
0.0 0.27 0.31 0.8 1.24 121.03
0.0 0.38 0.31 0.82 1.22 123.91
0.0 0.62 0.31 0.84 1.19 126.79
1.0 0.82 0.31 0.86 1.17 129.67
1.0 0.91 0.31 0.87 1.15 132.55
1.0 0.89 0.31 0.89 1.12 135.43
1.0 0.87 0.31 0.91 1.1 138.31
1.0 0.87 0.31 0.92 1.08 141.19
0.3 0.69 0.33 0.08 12.9 0.0
0.5 0.72 0.33 0.09 10.55 2.93
0.9 0.74 0.33 0.11 8.92 5.86
1.0 0.79 0.33 0.13 7.73 8.79
1.0 0.75 0.33 0.15 6.82 11.73
0.0 0.56 0.33 0.16 6.1 14.66
0.0 0.31 0.33 0.18 5.52 17.59
0.0 0.17 0.33 0.2 5.04 20.52
0.0 0.33 0.33 0.22 4.63 23.45
0.0 0.58 0.33 0.23 4.29 26.38
1.0 0.77 0.33 0.25 3.99 29.31
1.0 0.82 0.33 0.27 3.74 32.24
1.0 0.8 0.33 0.28 3.51 35.18
1.0 0.8 0.33 0.3 3.31 38.11
1.0 0.83 0.33 0.32 3.13 41.04
1.0 0.85 0.33 0.34 2.97 43.97
1.0 0.85 0.33 0.35 2.82 46.9
1.0 0.82 0.33 0.37 2.69 49.83
1.0 0.77 0.33 0.39 2.57 52.76
1.0 0.75 0.33 0.41 2.46 55.69
1.0 0.77 0.33 0.42 2.36 58.62
1.0 0.81 0.33 0.44 2.27 61.55
1.0 0.85 0.33 0.46 2.18 64.48
1.0 0.89 0.33 0.48 2.1 67.41
1.0 0.91 0.33 0.49 2.03 70.34
0.9 0.92 0.33 0.51 1.96 73.27
1.0 0.89 0.33 0.53 1.9 76.2
1.0 0.85 0.33 0.54 1.84 79.13
1.0 0.77 0.33 0.56 1.78 82.06
1.0 0.74 0.33 0.58 1.73 84.99
1.0 0.77 0.33 0.6 1.68 87.92
1.0 0.82 0.33 0.61 1.63 90.85
1.0 0.89 0.33 0.63 1.59 93.78
1.0 0.91 0.33 0.65 1.54 96.71
1.0 0.89 0.33 0.67 1.5 99.64
1.0 0.87 0.33 0.68 1.47 102.57
1.0 0.86 0.33 0.7 1.43 105.49
1.0 0.88 0.33 0.72 1.39 108.42
1.0 0.89 0.33 0.73 1.36 111.35
1.0 0.83 0.33 0.75 1.33 114.28
0.0 0.66 0.33 0.77 1.3 117.21
0.0 0.43 0.33 0.79 1.27 120.14
0.0 0.28 0.33 0.8 1.24 123.07
0.0 0.38 0.33 0.82 1.22 126.0
0.0 0.62 0.33 0.84 1.19 128.92
1.0 0.83 0.33 0.86 1.17 131.85
1.0 0.92 0.33 0.87 1.15 134.78
1.0 0.9 0.33 0.89 1.12 137.71
1.0 0.88 0.33 0.91 1.1 140.64
1.0 0.88 0.33 0.92 1.08 143.57
0.5 0.71 0.35 0.08 12.9 0.0
0.7 0.74 0.35 0.09 10.55 2.98
0.9 0.76 0.35 0.11 8.92 5.96
1.0 0.81 0.35 0.13 7.73 8.94
1.0 0.76 0.35 0.15 6.82 11.91
0.0 0.57 0.35 0.16 6.1 14.89
0.0 0.31 0.35 0.18 5.52 17.87
0.0 0.18 0.35 0.2 5.04 20.85
0.0 0.33 0.35 0.22 4.63 23.83
0.0 0.59 0.35 0.23 4.29 26.81
1.0 0.79 0.35 0.25 3.99 29.78
1.0 0.84 0.35 0.27 3.74 32.76
1.0 0.81 0.35 0.28 3.51 35.74
1.0 0.81 0.35 0.3 3.31 38.72
1.0 0.84 0.35 0.32 3.13 41.69
1.0 0.87 0.35 0.34 2.97 44.67
1.0 0.87 0.35 0.35 2.82 47.65
1.0 0.83 0.35 0.37 2.69 50.63
1.0 0.78 0.35 0.39 2.57 53.6
1.0 0.76 0.35 0.41 2.46 56.58
1.0 0.78 0.35 0.42 2.36 59.56
1.0 0.82 0.35 0.44 2.27 62.54
1.0 0.86 0.35 0.46 2.18 65.51
1.0 0.9 0.35 0.48 2.1 68.49
1.0 0.92 0.35 0.49 2.03 71.47
0.9 0.92 0.35 0.51 1.96 74.44
1.0 0.9 0.35 0.53 1.9 77.42
1.0 0.86 0.35 0.54 1.84 80.4
1.0 0.78 0.35 0.56 1.78 83.37
1.0 0.75 0.35 0.58 1.73 86.35
1.0 0.78 0.35 0.6 1.68 89.33
1.0 0.83 0.35 0.61 1.63 92.3
1.0 0.9 0.35 0.63 1.59 95.28
1.0 0.92 0.35 0.65 1.54 98.26
1.0 0.9 0.35 0.67 1.5 101.23
1.0 0.88 0.35 0.68 1.47 104.21
1.0 0.87 0.35 0.7 1.43 107.18
1.0 0.89 0.35 0.72 1.39 110.16
1.0 0.9 0.35 0.73 1.36 113.14
1.0 0.84 0.35 0.75 1.33 116.11
1.0 0.66 0.35 0.77 1.3 119.09
0.0 0.43 0.35 0.79 1.27 122.06
0.0 0.28 0.35 0.8 1.24 125.04
0.0 0.38 0.35 0.82 1.22 128.01
0.0 0.63 0.35 0.84 1.19 130.99
1.0 0.84 0.35 0.86 1.17 133.96
1.0 0.93 0.35 0.87 1.15 136.94
1.0 0.91 0.35 0.89 1.12 139.91
1.0 0.89 0.35 0.91 1.1 142.89
1.0 0.88 0.35 0.92 1.08 145.86
0.6 0.73 0.37 0.08 12.9 0.0
0.8 0.76 0.37 0.09 10.55 3.02
0.9 0.78 0.37 0.11 8.92 6.05
1.0 0.83 0.37 0.13 7.73 9.07
1.0 0.77 0.37 0.15 6.82 12.1
0.0 0.58 0.37 0.16 6.1 15.12
0.0 0.31 0.37 0.18 5.52 18.14
0.0 0.18 0.37 0.2 5.04 21.17
0.0 0.34 0.37 0.22 4.63 24.19
0.0 0.6 0.37 0.23 4.29 27.21
1.0 0.8 0.37 0.25 3.99 30.24
1.0 0.85 0.37 0.27 3.74 33.26
1.0 0.82 0.37 0.28 3.51 36.29
1.0 0.82 0.37 0.3 3.31 39.31
1.0 0.85 0.37 0.32 3.13 42.33
1.0 0.88 0.37 0.34 2.97 45.35
1.0 0.88 0.37 0.35 2.82 48.38
1.0 0.84 0.37 0.37 2.69 51.4
1.0 0.79 0.37 0.39 2.57 54.42
1.0 0.77 0.37 0.41 2.46 57.45
1.0 0.79 0.37 0.42 2.36 60.47
1.0 0.82 0.37 0.44 2.27 63.49
1.0 0.87 0.37 0.46 2.18 66.51
1.0 0.91 0.37 0.48 2.1 69.54
1.0 0.93 0.37 0.49 2.03 72.56
0.9 0.93 0.37 0.51 1.96 75.58
1.0 0.91 0.37 0.53 1.9 78.6
1.0 0.87 0.37 0.54 1.84 81.63
1.0 0.79 0.37 0.56 1.78 84.65
1.0 0.76 0.37 0.58 1.73 87.67
1.0 0.78 0.37 0.6 1.68 90.69
1.0 0.83 0.37 0.61 1.63 93.71
1.0 0.91 0.37 0.63 1.59 96.73
1.0 0.92 0.37 0.65 1.54 99.76
1.0 0.91 0.37 0.67 1.5 102.78
1.0 0.88 0.37 0.68 1.47 105.8
1.0 0.88 0.37 0.7 1.43 108.82
1.0 0.89 0.37 0.72 1.39 111.84
1.0 0.91 0.37 0.73 1.36 114.86
1.0 0.85 0.37 0.75 1.33 117.89
1.0 0.67 0.37 0.77 1.3 120.91
0.0 0.44 0.37 0.79 1.27 123.93
0.0 0.28 0.37 0.8 1.24 126.95
0.0 0.38 0.37 0.82 1.22 129.97
0.0 0.63 0.37 0.84 1.19 132.99
1.0 0.85 0.37 0.86 1.17 136.01
1.0 0.94 0.37 0.87 1.15 139.03
1.0 0.92 0.37 0.89 1.12 142.05
1.0 0.89 0.37 0.91 1.1 145.07
1.0 0.89 0.37 0.92 1.08 148.09
1.0 0.75 0.39 0.08 12.9 0.0
0.9 0.77 0.39 0.09 10.55 3.07
1.0 0.8 0.39 0.11 8.92 6.14
1.0 0.84 0.39 0.13 7.73 9.2
1.0 0.78 0.39 0.15 6.82 12.27
0.0 0.59 0.39 0.16 6.1 15.34
0.0 0.32 0.39 0.18 5.52 18.41
0.0 0.18 0.39 0.2 5.04 21.48
0.0 0.34 0.39 0.22 4.63 24.54
0.0 0.61 0.39 0.23 4.29 27.61
1.0 0.81 0.39 0.25 3.99 30.68
1.0 0.86 0.39 0.27 3.74 33.75
1.0 0.83 0.39 0.28 3.51 36.82
1.0 0.83 0.39 0.3 3.31 39.88
1.0 0.86 0.39 0.32 3.13 42.95
1.0 0.89 0.39 0.34 2.97 46.02
1.0 0.89 0.39 0.35 2.82 49.08
1.0 0.85 0.39 0.37 2.69 52.15
1.0 0.8 0.39 0.39 2.57 55.22
1.0 0.77 0.39 0.41 2.46 58.29
1.0 0.8 0.39 0.42 2.36 61.35
1.0 0.83 0.39 0.44 2.27 64.42
1.0 0.88 0.39 0.46 2.18 67.49
1.0 0.91 0.39 0.48 2.1 70.55
1.0 0.94 0.39 0.49 2.03 73.62
0.9 0.93 0.39 0.51 1.96 76.69
1.0 0.92 0.39 0.53 1.9 79.75
1.0 0.88 0.39 0.54 1.84 82.82
1.0 0.79 0.39 0.56 1.78 85.88
1.0 0.76 0.39 0.58 1.73 88.95
1.0 0.79 0.39 0.6 1.68 92.02
1.0 0.84 0.39 0.61 1.63 95.08
1.0 0.91 0.39 0.63 1.59 98.15
1.0 0.93 0.39 0.65 1.54 101.21
1.0 0.91 0.39 0.67 1.5 104.28
1.0 0.89 0.39 0.68 1.47 107.35
1.0 0.88 0.39 0.7 1.43 110.41
1.0 0.9 0.39 0.72 1.39 113.48
1.0 0.91 0.39 0.73 1.36 116.54
1.0 0.85 0.39 0.75 1.33 119.61
1.0 0.67 0.39 0.77 1.3 122.67
0.0 0.44 0.39 0.79 1.27 125.74
0.0 0.28 0.39 0.8 1.24 128.8
0.0 0.39 0.39 0.82 1.22 131.87
0.0 0.64 0.39 0.84 1.19 134.93
1.0 0.85 0.39 0.86 1.17 138.0
1.0 0.94 0.39 0.87 1.15 141.06
1.0 0.93 0.39 0.89 1.12 144.13
1.0 0.9 0.39 0.91 1.1 147.19
1.0 0.89 0.39 0.92 1.08 150.26
1.0 0.76 0.41 0.08 12.9 0.0
1.0 0.79 0.41 0.09 10.55 3.11
1.0 0.81 0.41 0.11 8.92 6.22
1.0 0.85 0.41 0.13 7.73 9.33
1.0 0.79 0.41 0.15 6.82 12.44
0.0 0.6 0.41 0.16 6.1 15.56
0.0 0.32 0.41 0.18 5.52 18.67
0.0 0.18 0.41 0.2 5.04 21.78
0.0 0.34 0.41 0.22 4.63 24.89
0.0 0.61 0.41 0.23 4.29 28.0
1.0 0.82 0.41 0.25 3.99 31.11
1.0 0.87 0.41 0.27 3.74 34.22
1.0 0.84 0.41 0.28 3.51 37.33
1.0 0.84 0.41 0.3 3.31 40.44
1.0 0.86 0.41 0.32 3.13 43.55
1.0 0.9 0.41 0.34 2.97 46.66
1.0 0.9 0.41 0.35 2.82 49.77
1.0 0.86 0.41 0.37 2.69 52.88
1.0 0.8 0.41 0.39 2.57 55.99
1.0 0.78 0.41 0.41 2.46 59.1
1.0 0.8 0.41 0.42 2.36 62.21
1.0 0.84 0.41 0.44 2.27 65.32
1.0 0.88 0.41 0.46 2.18 68.43
1.0 0.92 0.41 0.48 2.1 71.54
1.0 0.94 0.41 0.49 2.03 74.65
0.9 0.94 0.41 0.51 1.96 77.76
1.0 0.92 0.41 0.53 1.9 80.87
1.0 0.88 0.41 0.54 1.84 83.98
1.0 0.8 0.41 0.56 1.78 87.09
1.0 0.77 0.41 0.58 1.73 90.2
1.0 0.79 0.41 0.6 1.68 93.3
1.0 0.85 0.41 0.61 1.63 96.41
1.0 0.92 0.41 0.63 1.59 99.52
1.0 0.94 0.41 0.65 1.54 102.63
1.0 0.92 0.41 0.67 1.5 105.74
1.0 0.9 0.41 0.68 1.47 108.85
1.0 0.89 0.41 0.7 1.43 111.96
1.0 0.9 0.41 0.72 1.39 115.06
1.0 0.92 0.41 0.73 1.36 118.17
1.0 0.86 0.41 0.75 1.33 121.28
1.0 0.68 0.41 0.77 1.3 124.39
0.0 0.44 0.41 0.79 1.27 127.5
0.0 0.28 0.41 0.8 1.24 130.61
0.0 0.39 0.41 0.82 1.22 133.71
0.0 0.64 0.41 0.84 1.19 136.82
1.0 0.86 0.41 0.86 1.17 139.93
1.0 0.95 0.41 0.87 1.15 143.04
1.0 0.93 0.41 0.89 1.12 146.14
1.0 0.9 0.41 0.91 1.1 149.25
1.0 0.9 0.41 0.92 1.08 152.36
1.0 0.77 0.43 0.08 12.9 0.0
1.0 0.8 0.43 0.09 10.55 3.15
1.0 0.82 0.43 0.11 8.92 6.31
1.0 0.86 0.43 0.13 7.73 9.46
1.0 0.8 0.43 0.15 6.82 12.61
0.0 0.6 0.43 0.16 6.1 15.76
0.0 0.32 0.43 0.18 5.52 18.92
0.0 0.18 0.43 0.2 5.04 22.07
0.0 0.35 0.43 0.22 4.63 25.22
0.0 0.62 0.43 0.23 4.29 28.38
1.0 0.83 0.43 0.25 3.99 31.53
1.0 0.88 0.43 0.27 3.74 34.68
1.0 0.85 0.43 0.28 3.51 37.83
1.0 0.84 0.43 0.3 3.31 40.98
1.0 0.87 0.43 0.32 3.13 44.14
1.0 0.9 0.43 0.34 2.97 47.29
1.0 0.91 0.43 0.35 2.82 50.44
1.0 0.87 0.43 0.37 2.69 53.59
1.0 0.81 0.43 0.39 2.57 56.74
1.0 0.78 0.43 0.41 2.46 59.9
1.0 0.81 0.43 0.42 2.36 63.05
1.0 0.84 0.43 0.44 2.27 66.2
1.0 0.89 0.43 0.46 2.18 69.35
1.0 0.92 0.43 0.48 2.1 72.5
1.0 0.95 0.43 0.49 2.03 75.65
0.9 0.94 0.43 0.51 1.96 78.8
1.0 0.93 0.43 0.53 1.9 81.95
1.0 0.89 0.43 0.54 1.84 85.11
1.0 0.8 0.43 0.56 1.78 88.26
1.0 0.77 0.43 0.58 1.73 91.41
1.0 0.8 0.43 0.6 1.68 94.56
1.0 0.85 0.43 0.61 1.63 97.71
1.0 0.93 0.43 0.63 1.59 100.86
1.0 0.94 0.43 0.65 1.54 104.01
1.0 0.92 0.43 0.67 1.5 107.16
1.0 0.9 0.43 0.68 1.47 110.31
1.0 0.89 0.43 0.7 1.43 113.46
1.0 0.91 0.43 0.72 1.39 116.61
1.0 0.93 0.43 0.73 1.36 119.76
1.0 0.87 0.43 0.75 1.33 122.91
1.0 0.69 0.43 0.77 1.3 126.06
0.0 0.45 0.43 0.79 1.27 129.21
0.0 0.28 0.43 0.8 1.24 132.36
0.0 0.39 0.43 0.82 1.22 135.51
0.0 0.64 0.43 0.84 1.19 138.66
1.0 0.86 0.43 0.86 1.17 141.81
1.0 0.95 0.43 0.87 1.15 144.96
1.0 0.94 0.43 0.89 1.12 148.11
1.0 0.91 0.43 0.91 1.1 151.26
1.0 0.9 0.43 0.92 1.08 154.41
1.0 0.79 0.45 0.08 12.9 0.0
1.0 0.81 0.45 0.09 10.55 3.19
1.0 0.83 0.45 0.11 8.92 6.39
1.0 0.87 0.45 0.13 7.73 9.58
1.0 0.81 0.45 0.15 6.82 12.77
0.0 0.61 0.45 0.16 6.1 15.97
0.0 0.33 0.45 0.18 5.52 19.16
0.0 0.18 0.45 0.2 5.04 22.35
0.0 0.35 0.45 0.22 4.63 25.55
0.0 0.63 0.45 0.23 4.29 28.74
1.0 0.84 0.45 0.25 3.99 31.93
1.0 0.89 0.45 0.27 3.74 35.13
1.0 0.85 0.45 0.28 3.51 38.32
1.0 0.85 0.45 0.3 3.31 41.51
1.0 0.88 0.45 0.32 3.13 44.71
1.0 0.91 0.45 0.34 2.97 47.9
1.0 0.91 0.45 0.35 2.82 51.09
1.0 0.87 0.45 0.37 2.69 54.28
1.0 0.82 0.45 0.39 2.57 57.48
1.0 0.79 0.45 0.41 2.46 60.67
1.0 0.81 0.45 0.42 2.36 63.86
1.0 0.85 0.45 0.44 2.27 67.05
1.0 0.89 0.45 0.46 2.18 70.24
1.0 0.93 0.45 0.48 2.1 73.44
1.0 0.95 0.45 0.49 2.03 76.63
0.9 0.95 0.45 0.51 1.96 79.82
1.0 0.93 0.45 0.53 1.9 83.01
1.0 0.89 0.45 0.54 1.84 86.2
1.0 0.81 0.45 0.56 1.78 89.4
1.0 0.78 0.45 0.58 1.73 92.59
1.0 0.8 0.45 0.6 1.68 95.78
1.0 0.86 0.45 0.61 1.63 98.97
1.0 0.93 0.45 0.63 1.59 102.16
1.0 0.95 0.45 0.65 1.54 105.35
1.0 0.93 0.45 0.67 1.5 108.54
1.0 0.9 0.45 0.68 1.47 111.73
1.0 0.9 0.45 0.7 1.43 114.93
1.0 0.91 0.45 0.72 1.39 118.12
1.0 0.93 0.45 0.73 1.36 121.31
1.0 0.87 0.45 0.75 1.33 124.5
1.0 0.69 0.45 0.77 1.3 127.69
0.0 0.45 0.45 0.79 1.27 130.88
0.0 0.28 0.45 0.8 1.24 134.07
0.0 0.39 0.45 0.82 1.22 137.26
0.0 0.65 0.45 0.84 1.19 140.45
1.0 0.87 0.45 0.86 1.17 143.64
1.0 0.96 0.45 0.87 1.15 146.83
1.0 0.94 0.45 0.89 1.12 150.02
1.0 0.91 0.45 0.91 1.1 153.21
1.0 0.9 0.45 0.92 1.08 156.4
1.0 0.8 0.47 0.08 12.9 0.0
1.0 0.82 0.47 0.09 10.55 3.23
1.0 0.84 0.47 0.11 8.92 6.47
1.0 0.88 0.47 0.13 7.73 9.7
1.0 0.82 0.47 0.15 6.82 12.93
0.0 0.61 0.47 0.16 6.1 16.17
0.0 0.33 0.47 0.18 5.52 19.4
0.0 0.19 0.47 0.2 5.04 22.63
0.0 0.35 0.47 0.22 4.63 25.87
0.0 0.63 0.47 0.23 4.29 29.1
1.0 0.85 0.47 0.25 3.99 32.33
1.0 0.9 0.47 0.27 3.74 35.56
1.0 0.86 0.47 0.28 3.51 38.8
1.0 0.85 0.47 0.3 3.31 42.03
1.0 0.88 0.47 0.32 3.13 45.26
1.0 0.92 0.47 0.34 2.97 48.49
1.0 0.92 0.47 0.35 2.82 51.73
1.0 0.88 0.47 0.37 2.69 54.96
1.0 0.82 0.47 0.39 2.57 58.19
1.0 0.79 0.47 0.41 2.46 61.42
1.0 0.81 0.47 0.42 2.36 64.65
1.0 0.85 0.47 0.44 2.27 67.89
1.0 0.9 0.47 0.46 2.18 71.12
1.0 0.93 0.47 0.48 2.1 74.35
1.0 0.95 0.47 0.49 2.03 77.58
0.9 0.95 0.47 0.51 1.96 80.81
1.0 0.94 0.47 0.53 1.9 84.04
1.0 0.9 0.47 0.54 1.84 87.28
1.0 0.81 0.47 0.56 1.78 90.51
1.0 0.78 0.47 0.58 1.73 93.74
1.0 0.8 0.47 0.6 1.68 96.97
1.0 0.86 0.47 0.61 1.63 100.2
1.0 0.93 0.47 0.63 1.59 103.43
1.0 0.95 0.47 0.65 1.54 106.66
1.0 0.93 0.47 0.67 1.5 109.89
1.0 0.91 0.47 0.68 1.47 113.12
1.0 0.9 0.47 0.7 1.43 116.35
1.0 0.92 0.47 0.72 1.39 119.58
1.0 0.93 0.47 0.73 1.36 122.81
1.0 0.88 0.47 0.75 1.33 126.05
1.0 0.7 0.47 0.77 1.3 129.28
0.0 0.45 0.47 0.79 1.27 132.51
0.0 0.28 0.47 0.8 1.24 135.74
0.0 0.39 0.47 0.82 1.22 138.97
0.0 0.65 0.47 0.84 1.19 142.2
1.0 0.87 0.47 0.86 1.17 145.43
1.0 0.96 0.47 0.87 1.15 148.66
1.0 0.95 0.47 0.89 1.12 151.88
1.0 0.91 0.47 0.91 1.1 155.11
1.0 0.91 0.47 0.92 1.08 158.34
1.0 0.81 0.49 0.08 12.9 0.0
1.0 0.83 0.49 0.09 10.55 3.27
1.0 0.85 0.49 0.11 8.92 6.54
1.0 0.89 0.49 0.13 7.73 9.82
1.0 0.82 0.49 0.15 6.82 13.09
0.0 0.62 0.49 0.16 6.1 16.36
0.0 0.33 0.49 0.18 5.52 19.63
0.0 0.19 0.49 0.2 5.04 22.9
0.0 0.35 0.49 0.22 4.63 26.18
0.0 0.64 0.49 0.23 4.29 29.45
1.0 0.86 0.49 0.25 3.99 32.72
1.0 0.9 0.49 0.27 3.74 35.99
1.0 0.87 0.49 0.28 3.51 39.26
1.0 0.86 0.49 0.3 3.31 42.53
1.0 0.89 0.49 0.32 3.13 45.8
1.0 0.92 0.49 0.34 2.97 49.08
1.0 0.92 0.49 0.35 2.82 52.35
1.0 0.89 0.49 0.37 2.69 55.62
1.0 0.82 0.49 0.39 2.57 58.89
1.0 0.79 0.49 0.41 2.46 62.16
1.0 0.82 0.49 0.42 2.36 65.43
1.0 0.86 0.49 0.44 2.27 68.7
1.0 0.9 0.49 0.46 2.18 71.97
1.0 0.94 0.49 0.48 2.1 75.24
1.0 0.96 0.49 0.49 2.03 78.51
0.9 0.95 0.49 0.51 1.96 81.78
1.0 0.94 0.49 0.53 1.9 85.05
1.0 0.9 0.49 0.54 1.84 88.32
1.0 0.81 0.49 0.56 1.78 91.59
1.0 0.78 0.49 0.58 1.73 94.86
1.0 0.81 0.49 0.6 1.68 98.13
1.0 0.87 0.49 0.61 1.63 101.4
1.0 0.94 0.49 0.63 1.59 104.67
1.0 0.96 0.49 0.65 1.54 107.94
1.0 0.94 0.49 0.67 1.5 111.21
1.0 0.91 0.49 0.68 1.47 114.48
1.0 0.9 0.49 0.7 1.43 117.75
1.0 0.92 0.49 0.72 1.39 121.02
1.0 0.94 0.49 0.73 1.36 124.29
1.0 0.88 0.49 0.75 1.33 127.56
1.0 0.7 0.49 0.77 1.3 130.82
0.0 0.45 0.49 0.79 1.27 134.09
0.0 0.29 0.49 0.8 1.24 137.36
0.0 0.39 0.49 0.82 1.22 140.63
0.0 0.65 0.49 0.84 1.19 143.9
1.0 0.88 0.49 0.86 1.17 147.17
1.0 0.97 0.49 0.87 1.15 150.44
1.0 0.95 0.49 0.89 1.12 153.7
1.0 0.92 0.49 0.91 1.1 156.97
1.0 0.91 0.49 0.92 1.08 160.24
1.0 0.82 0.51 0.08 12.9 0.0
1.0 0.84 0.51 0.09 10.55 3.31
1.0 0.86 0.51 0.11 8.92 6.62
1.0 0.9 0.51 0.13 7.73 9.93
1.0 0.83 0.51 0.15 6.82 13.24
0.0 0.62 0.51 0.16 6.1 16.55
0.0 0.33 0.51 0.18 5.52 19.86
0.0 0.19 0.51 0.2 5.04 23.17
0.0 0.36 0.51 0.22 4.63 26.48
0.0 0.64 0.51 0.23 4.29 29.79
1.0 0.86 0.51 0.25 3.99 33.1
1.0 0.91 0.51 0.27 3.74 36.41
1.0 0.87 0.51 0.28 3.51 39.72
1.0 0.86 0.51 0.3 3.31 43.02
1.0 0.89 0.51 0.32 3.13 46.33
1.0 0.93 0.51 0.34 2.97 49.64
1.0 0.93 0.51 0.35 2.82 52.95
1.0 0.89 0.51 0.37 2.69 56.26
1.0 0.83 0.51 0.39 2.57 59.57
1.0 0.8 0.51 0.41 2.46 62.88
1.0 0.82 0.51 0.42 2.36 66.19
1.0 0.86 0.51 0.44 2.27 69.49
1.0 0.91 0.51 0.46 2.18 72.8
1.0 0.94 0.51 0.48 2.1 76.11
1.0 0.96 0.51 0.49 2.03 79.42
0.9 0.96 0.51 0.51 1.96 82.73
1.0 0.94 0.51 0.53 1.9 86.04
1.0 0.9 0.51 0.54 1.84 89.34
1.0 0.81 0.51 0.56 1.78 92.65
1.0 0.79 0.51 0.58 1.73 95.96
1.0 0.81 0.51 0.6 1.68 99.27
1.0 0.87 0.51 0.61 1.63 102.57
1.0 0.94 0.51 0.63 1.59 105.88
1.0 0.96 0.51 0.65 1.54 109.19
1.0 0.94 0.51 0.67 1.5 112.5
1.0 0.91 0.51 0.68 1.47 115.8
1.0 0.91 0.51 0.7 1.43 119.11
1.0 0.92 0.51 0.72 1.39 122.42
1.0 0.94 0.51 0.73 1.36 125.72
1.0 0.88 0.51 0.75 1.33 129.03
1.0 0.7 0.51 0.77 1.3 132.34
0.0 0.46 0.51 0.79 1.27 135.64
0.0 0.29 0.51 0.8 1.24 138.95
0.0 0.4 0.51 0.82 1.22 142.26
0.0 0.66 0.51 0.84 1.19 145.56
1.0 0.88 0.51 0.86 1.17 148.87
1.0 0.97 0.51 0.87 1.15 152.18
1.0 0.95 0.51 0.89 1.12 155.48
1.0 0.92 0.51 0.91 1.1 158.79
1.0 0.91 0.51 0.92 1.08 162.09
1.0 0.82 0.53 0.08 12.9 0.0
1.0 0.85 0.53 0.09 10.55 3.35
1.0 0.87 0.53 0.11 8.92 6.69
1.0 0.9 0.53 0.13 7.73 10.04
1.0 0.84 0.53 0.15 6.82 13.39
0.0 0.62 0.53 0.16 6.1 16.73
0.0 0.33 0.53 0.18 5.52 20.08
0.0 0.19 0.53 0.2 5.04 23.43
0.0 0.36 0.53 0.22 4.63 26.77
0.0 0.65 0.53 0.23 4.29 30.12
1.0 0.87 0.53 0.25 3.99 33.47
1.0 0.91 0.53 0.27 3.74 36.81
1.0 0.88 0.53 0.28 3.51 40.16
1.0 0.87 0.53 0.3 3.31 43.51
1.0 0.9 0.53 0.32 3.13 46.85
1.0 0.93 0.53 0.34 2.97 50.2
1.0 0.93 0.53 0.35 2.82 53.54
1.0 0.89 0.53 0.37 2.69 56.89
1.0 0.83 0.53 0.39 2.57 60.23
1.0 0.8 0.53 0.41 2.46 63.58
1.0 0.82 0.53 0.42 2.36 66.93
1.0 0.86 0.53 0.44 2.27 70.27
1.0 0.91 0.53 0.46 2.18 73.62
1.0 0.94 0.53 0.48 2.1 76.96
1.0 0.96 0.53 0.49 2.03 80.31
0.9 0.96 0.53 0.51 1.96 83.65
1.0 0.95 0.53 0.53 1.9 87.0
1.0 0.91 0.53 0.54 1.84 90.34
1.0 0.82 0.53 0.56 1.78 93.69
1.0 0.79 0.53 0.58 1.73 97.03
1.0 0.81 0.53 0.6 1.68 100.38
1.0 0.87 0.53 0.61 1.63 103.72
1.0 0.94 0.53 0.63 1.59 107.06
1.0 0.96 0.53 0.65 1.54 110.41
1.0 0.94 0.53 0.67 1.5 113.75
1.0 0.92 0.53 0.68 1.47 117.1
1.0 0.91 0.53 0.7 1.43 120.44
1.0 0.93 0.53 0.72 1.39 123.79
1.0 0.94 0.53 0.73 1.36 127.13
1.0 0.89 0.53 0.75 1.33 130.47
1.0 0.7 0.53 0.77 1.3 133.82
0.0 0.46 0.53 0.79 1.27 137.16
0.0 0.29 0.53 0.8 1.24 140.5
0.0 0.4 0.53 0.82 1.22 143.85
0.0 0.66 0.53 0.84 1.19 147.19
1.0 0.88 0.53 0.86 1.17 150.53
1.0 0.97 0.53 0.87 1.15 153.88
1.0 0.96 0.53 0.89 1.12 157.22
1.0 0.92 0.53 0.91 1.1 160.56
1.0 0.91 0.53 0.92 1.08 163.91
1.0 0.83 0.55 0.08 12.9 0.0
1.0 0.85 0.55 0.09 10.55 3.38
1.0 0.87 0.55 0.11 8.92 6.77
1.0 0.91 0.55 0.13 7.73 10.15
1.0 0.84 0.55 0.15 6.82 13.53
0.0 0.63 0.55 0.16 6.1 16.92
0.0 0.34 0.55 0.18 5.52 20.3
0.0 0.19 0.55 0.2 5.04 23.68
0.0 0.36 0.55 0.22 4.63 27.06
0.0 0.65 0.55 0.23 4.29 30.45
1.0 0.87 0.55 0.25 3.99 33.83
1.0 0.92 0.55 0.27 3.74 37.21
1.0 0.88 0.55 0.28 3.51 40.59
1.0 0.87 0.55 0.3 3.31 43.98
1.0 0.9 0.55 0.32 3.13 47.36
1.0 0.94 0.55 0.34 2.97 50.74
1.0 0.94 0.55 0.35 2.82 54.12
1.0 0.9 0.55 0.37 2.69 57.5
1.0 0.84 0.55 0.39 2.57 60.89
1.0 0.8 0.55 0.41 2.46 64.27
1.0 0.83 0.55 0.42 2.36 67.65
1.0 0.86 0.55 0.44 2.27 71.03
1.0 0.91 0.55 0.46 2.18 74.41
1.0 0.95 0.55 0.48 2.1 77.79
1.0 0.96 0.55 0.49 2.03 81.18
1.0 0.96 0.55 0.51 1.96 84.56
1.0 0.95 0.55 0.53 1.9 87.94
1.0 0.91 0.55 0.54 1.84 91.32
1.0 0.82 0.55 0.56 1.78 94.7
1.0 0.79 0.55 0.58 1.73 98.08
1.0 0.82 0.55 0.6 1.68 101.46
1.0 0.87 0.55 0.61 1.63 104.84
1.0 0.95 0.55 0.63 1.59 108.22
1.0 0.96 0.55 0.65 1.54 111.6
1.0 0.94 0.55 0.67 1.5 114.98
1.0 0.92 0.55 0.68 1.47 118.36
1.0 0.91 0.55 0.7 1.43 121.74
1.0 0.93 0.55 0.72 1.39 125.12
1.0 0.95 0.55 0.73 1.36 128.5
1.0 0.89 0.55 0.75 1.33 131.88
1.0 0.71 0.55 0.77 1.3 135.26
0.0 0.46 0.55 0.79 1.27 138.64
0.0 0.29 0.55 0.8 1.24 142.02
0.0 0.4 0.55 0.82 1.22 145.4
0.7 0.66 0.55 0.84 1.19 148.78
1.0 0.88 0.55 0.86 1.17 152.16
1.0 0.97 0.55 0.87 1.15 155.54
1.0 0.96 0.55 0.89 1.12 158.92
1.0 0.92 0.55 0.91 1.1 162.3
1.0 0.92 0.55 0.92 1.08 165.68
1.0 0.84 0.57 0.08 12.9 0.0
1.0 0.86 0.57 0.09 10.55 3.42
1.0 0.88 0.57 0.11 8.92 6.84
1.0 0.92 0.57 0.13 7.73 10.26
1.0 0.85 0.57 0.15 6.82 13.67
0.0 0.63 0.57 0.16 6.1 17.09
0.0 0.34 0.57 0.18 5.52 20.51
0.0 0.19 0.57 0.2 5.04 23.93
0.0 0.36 0.57 0.22 4.63 27.35
0.0 0.65 0.57 0.23 4.29 30.77
1.0 0.88 0.57 0.25 3.99 34.18
1.0 0.92 0.57 0.27 3.74 37.6
1.0 0.88 0.57 0.28 3.51 41.02
1.0 0.87 0.57 0.3 3.31 44.44
1.0 0.9 0.57 0.32 3.13 47.85
1.0 0.94 0.57 0.34 2.97 51.27
1.0 0.94 0.57 0.35 2.82 54.69
1.0 0.9 0.57 0.37 2.69 58.11
1.0 0.84 0.57 0.39 2.57 61.52
1.0 0.81 0.57 0.41 2.46 64.94
1.0 0.83 0.57 0.42 2.36 68.36
1.0 0.87 0.57 0.44 2.27 71.78
1.0 0.92 0.57 0.46 2.18 75.19
1.0 0.95 0.57 0.48 2.1 78.61
1.0 0.97 0.57 0.49 2.03 82.03
1.0 0.96 0.57 0.51 1.96 85.44
1.0 0.95 0.57 0.53 1.9 88.86
1.0 0.91 0.57 0.54 1.84 92.28
1.0 0.82 0.57 0.56 1.78 95.69
1.0 0.79 0.57 0.58 1.73 99.11
1.0 0.82 0.57 0.6 1.68 102.52
1.0 0.88 0.57 0.61 1.63 105.94
1.0 0.95 0.57 0.63 1.59 109.36
1.0 0.97 0.57 0.65 1.54 112.77
1.0 0.95 0.57 0.67 1.5 116.19
1.0 0.92 0.57 0.68 1.47 119.6
1.0 0.91 0.57 0.7 1.43 123.02
1.0 0.93 0.57 0.72 1.39 126.44
1.0 0.95 0.57 0.73 1.36 129.85
1.0 0.89 0.57 0.75 1.33 133.27
1.0 0.71 0.57 0.77 1.3 136.68
0.0 0.46 0.57 0.79 1.27 140.1
0.0 0.29 0.57 0.8 1.24 143.51
0.0 0.4 0.57 0.82 1.22 146.93
0.8 0.66 0.57 0.84 1.19 150.34
1.0 0.89 0.57 0.86 1.17 153.76
1.0 0.98 0.57 0.87 1.15 157.17
1.0 0.96 0.57 0.89 1.12 160.59
1.0 0.93 0.57 0.91 1.1 164.0
1.0 0.92 0.57 0.92 1.08 167.42
1.0 0.85 0.59 0.08 12.9 0.0
1.0 0.86 0.59 0.09 10.55 3.45
1.0 0.88 0.59 0.11 8.92 6.91
1.0 0.92 0.59 0.13 7.73 10.36
1.0 0.85 0.59 0.15 6.82 13.81
0.0 0.63 0.59 0.16 6.1 17.27
0.0 0.34 0.59 0.18 5.52 20.72
0.0 0.19 0.59 0.2 5.04 24.17
0.0 0.36 0.59 0.22 4.63 27.63
0.0 0.66 0.59 0.23 4.29 31.08
1.0 0.88 0.59 0.25 3.99 34.53
1.0 0.93 0.59 0.27 3.74 37.98
1.0 0.89 0.59 0.28 3.51 41.44
1.0 0.88 0.59 0.3 3.31 44.89
1.0 0.91 0.59 0.32 3.13 48.34
1.0 0.94 0.59 0.34 2.97 51.79
1.0 0.95 0.59 0.35 2.82 55.25
1.0 0.9 0.59 0.37 2.69 58.7
1.0 0.84 0.59 0.39 2.57 62.15
1.0 0.81 0.59 0.41 2.46 65.6
1.0 0.83 0.59 0.42 2.36 69.05
1.0 0.87 0.59 0.44 2.27 72.5
1.0 0.92 0.59 0.46 2.18 75.96
1.0 0.95 0.59 0.48 2.1 79.41
1.0 0.97 0.59 0.49 2.03 82.86
1.0 0.96 0.59 0.51 1.96 86.31
1.0 0.95 0.59 0.53 1.9 89.76
1.0 0.91 0.59 0.54 1.84 93.21
1.0 0.82 0.59 0.56 1.78 96.66
1.0 0.8 0.59 0.58 1.73 100.12
1.0 0.82 0.59 0.6 1.68 103.57
1.0 0.88 0.59 0.61 1.63 107.02
1.0 0.95 0.59 0.63 1.59 110.47
1.0 0.97 0.59 0.65 1.54 113.92
1.0 0.95 0.59 0.67 1.5 117.37
1.0 0.92 0.59 0.68 1.47 120.82
1.0 0.92 0.59 0.7 1.43 124.27
1.0 0.93 0.59 0.72 1.39 127.72
1.0 0.95 0.59 0.73 1.36 131.17
1.0 0.89 0.59 0.75 1.33 134.62
1.0 0.71 0.59 0.77 1.3 138.07
0.0 0.46 0.59 0.79 1.27 141.52
0.0 0.29 0.59 0.8 1.24 144.97
0.0 0.4 0.59 0.82 1.22 148.42
0.8 0.66 0.59 0.84 1.19 151.87
1.0 0.89 0.59 0.86 1.17 155.32
1.0 0.98 0.59 0.87 1.15 158.77
1.0 0.96 0.59 0.89 1.12 162.22
1.0 0.93 0.59 0.91 1.1 165.67
1.0 0.92 0.59 0.92 1.08 169.12
1.0 0.85 0.61 0.08 12.9 0.0
1.0 0.87 0.61 0.09 10.55 3.49
1.0 0.89 0.61 0.11 8.92 6.98
1.0 0.93 0.61 0.13 7.73 10.46
1.0 0.85 0.61 0.15 6.82 13.95
0.0 0.64 0.61 0.16 6.1 17.44
0.0 0.34 0.61 0.18 5.52 20.92
0.0 0.19 0.61 0.2 5.04 24.41
0.0 0.36 0.61 0.22 4.63 27.9
0.3 0.66 0.61 0.23 4.29 31.38
1.0 0.88 0.61 0.25 3.99 34.87
1.0 0.93 0.61 0.27 3.74 38.36
1.0 0.89 0.61 0.28 3.51 41.84
1.0 0.88 0.61 0.3 3.31 45.33
1.0 0.91 0.61 0.32 3.13 48.82
1.0 0.95 0.61 0.34 2.97 52.3
1.0 0.95 0.61 0.35 2.82 55.79
1.0 0.91 0.61 0.37 2.69 59.28
1.0 0.84 0.61 0.39 2.57 62.76
1.0 0.81 0.61 0.41 2.46 66.25
1.0 0.83 0.61 0.42 2.36 69.73
1.0 0.87 0.61 0.44 2.27 73.22
1.0 0.92 0.61 0.46 2.18 76.71
1.0 0.95 0.61 0.48 2.1 80.19
1.0 0.97 0.61 0.49 2.03 83.68
1.0 0.97 0.61 0.51 1.96 87.16
1.0 0.95 0.61 0.53 1.9 90.65
1.0 0.92 0.61 0.54 1.84 94.13
1.0 0.82 0.61 0.56 1.78 97.62
1.0 0.8 0.61 0.58 1.73 101.1
1.0 0.82 0.61 0.6 1.68 104.59
1.0 0.88 0.61 0.61 1.63 108.07
1.0 0.95 0.61 0.63 1.59 111.56
1.0 0.97 0.61 0.65 1.54 115.04
1.0 0.95 0.61 0.67 1.5 118.53
1.0 0.92 0.61 0.68 1.47 122.01
1.0 0.92 0.61 0.7 1.43 125.49
1.0 0.94 0.61 0.72 1.39 128.98
1.0 0.95 0.61 0.73 1.36 132.46
1.0 0.9 0.61 0.75 1.33 135.95
1.0 0.71 0.61 0.77 1.3 139.43
0.0 0.46 0.61 0.79 1.27 142.92
0.0 0.29 0.61 0.8 1.24 146.4
0.0 0.4 0.61 0.82 1.22 149.88
0.8 0.67 0.61 0.84 1.19 153.37
1.0 0.89 0.61 0.86 1.17 156.85
1.0 0.98 0.61 0.87 1.15 160.33
1.0 0.96 0.61 0.89 1.12 163.82
1.0 0.93 0.61 0.91 1.1 167.3
1.0 0.92 0.61 0.92 1.08 170.78
1.0 0.86 0.63 0.08 12.9 0.0
1.0 0.87 0.63 0.09 10.55 3.52
1.0 0.9 0.63 0.11 8.92 7.04
1.0 0.93 0.63 0.13 7.73 10.56
1.0 0.86 0.63 0.15 6.82 14.08
0.0 0.64 0.63 0.16 6.1 17.6
0.0 0.34 0.63 0.18 5.52 21.12
0.0 0.19 0.63 0.2 5.04 24.64
0.0 0.37 0.63 0.22 4.63 28.16
0.3 0.66 0.63 0.23 4.29 31.69
1.0 0.89 0.63 0.25 3.99 35.21
1.0 0.93 0.63 0.27 3.74 38.73
1.0 0.89 0.63 0.28 3.51 42.25
1.0 0.88 0.63 0.3 3.31 45.77
1.0 0.91 0.63 0.32 3.13 49.28
1.0 0.95 0.63 0.34 2.97 52.8
1.0 0.95 0.63 0.35 2.82 56.32
1.0 0.91 0.63 0.37 2.69 59.84
1.0 0.85 0.63 0.39 2.57 63.36
1.0 0.81 0.63 0.41 2.46 66.88
1.0 0.83 0.63 0.42 2.36 70.4
1.0 0.87 0.63 0.44 2.27 73.92
1.0 0.92 0.63 0.46 2.18 77.44
1.0 0.95 0.63 0.48 2.1 80.96
1.0 0.97 0.63 0.49 2.03 84.48
1.0 0.97 0.63 0.51 1.96 88.0
1.0 0.96 0.63 0.53 1.9 91.51
1.0 0.92 0.63 0.54 1.84 95.03
1.0 0.83 0.63 0.56 1.78 98.55
1.0 0.8 0.63 0.58 1.73 102.07
1.0 0.82 0.63 0.6 1.68 105.59
1.0 0.88 0.63 0.61 1.63 109.11
1.0 0.96 0.63 0.63 1.59 112.62
1.0 0.97 0.63 0.65 1.54 116.14
1.0 0.95 0.63 0.67 1.5 119.66
1.0 0.93 0.63 0.68 1.47 123.18
1.0 0.92 0.63 0.7 1.43 126.7
1.0 0.94 0.63 0.72 1.39 130.21
1.0 0.95 0.63 0.73 1.36 133.73
1.0 0.9 0.63 0.75 1.33 137.25
1.0 0.71 0.63 0.77 1.3 140.77
0.0 0.46 0.63 0.79 1.27 144.28
0.0 0.29 0.63 0.8 1.24 147.8
0.0 0.4 0.63 0.82 1.22 151.32
0.8 0.67 0.63 0.84 1.19 154.83
1.0 0.89 0.63 0.86 1.17 158.35
1.0 0.98 0.63 0.87 1.15 161.87
1.0 0.96 0.63 0.89 1.12 165.39
1.0 0.93 0.63 0.91 1.1 168.9
1.0 0.92 0.63 0.92 1.08 172.42
1.0 0.86 0.65 0.08 12.9 0.0
1.0 0.88 0.65 0.09 10.55 3.55
1.0 0.9 0.65 0.11 8.92 7.11
1.0 0.93 0.65 0.13 7.73 10.66
1.0 0.86 0.65 0.15 6.82 14.21
0.0 0.64 0.65 0.16 6.1 17.77
0.0 0.34 0.65 0.18 5.52 21.32
0.0 0.19 0.65 0.2 5.04 24.87
0.0 0.37 0.65 0.22 4.63 28.43
1.0 0.67 0.65 0.23 4.29 31.98
1.0 0.89 0.65 0.25 3.99 35.53
1.0 0.94 0.65 0.27 3.74 39.09
1.0 0.89 0.65 0.28 3.51 42.64
1.0 0.88 0.65 0.3 3.31 46.19
1.0 0.92 0.65 0.32 3.13 49.74
1.0 0.95 0.65 0.34 2.97 53.3
1.0 0.95 0.65 0.35 2.82 56.85
1.0 0.91 0.65 0.37 2.69 60.4
1.0 0.85 0.65 0.39 2.57 63.95
1.0 0.81 0.65 0.41 2.46 67.5
1.0 0.84 0.65 0.42 2.36 71.06
1.0 0.88 0.65 0.44 2.27 74.61
1.0 0.93 0.65 0.46 2.18 78.16
1.0 0.95 0.65 0.48 2.1 81.71
1.0 0.97 0.65 0.49 2.03 85.26
1.0 0.97 0.65 0.51 1.96 88.81
1.0 0.96 0.65 0.53 1.9 92.37
1.0 0.92 0.65 0.54 1.84 95.92
1.0 0.83 0.65 0.56 1.78 99.47
1.0 0.8 0.65 0.58 1.73 103.02
1.0 0.83 0.65 0.6 1.68 106.57
1.0 0.88 0.65 0.61 1.63 110.12
1.0 0.96 0.65 0.63 1.59 113.67
1.0 0.97 0.65 0.65 1.54 117.22
1.0 0.96 0.65 0.67 1.5 120.77
1.0 0.93 0.65 0.68 1.47 124.32
1.0 0.92 0.65 0.7 1.43 127.88
1.0 0.94 0.65 0.72 1.39 131.43
1.0 0.96 0.65 0.73 1.36 134.98
1.0 0.9 0.65 0.75 1.33 138.53
1.0 0.71 0.65 0.77 1.3 142.08
0.0 0.47 0.65 0.79 1.27 145.63
0.0 0.29 0.65 0.8 1.24 149.18
0.0 0.4 0.65 0.82 1.22 152.73
0.9 0.67 0.65 0.84 1.19 156.28
1.0 0.89 0.65 0.86 1.17 159.83
1.0 0.98 0.65 0.87 1.15 163.37
1.0 0.97 0.65 0.89 1.12 166.92
1.0 0.93 0.65 0.91 1.1 170.47
1.0 0.92 0.65 0.92 1.08 174.02
1.0 0.87 0.67 0.08 12.9 0.0
1.0 0.88 0.67 0.09 10.55 3.59
1.0 0.9 0.67 0.11 8.92 7.17
1.0 0.94 0.67 0.13 7.73 10.76
1.0 0.87 0.67 0.15 6.82 14.34
0.0 0.64 0.67 0.16 6.1 17.93
0.0 0.34 0.67 0.18 5.52 21.51
0.0 0.19 0.67 0.2 5.04 25.1
0.0 0.37 0.67 0.22 4.63 28.68
1.0 0.67 0.67 0.23 4.29 32.27
1.0 0.89 0.67 0.25 3.99 35.85
1.0 0.94 0.67 0.27 3.74 39.44
1.0 0.9 0.67 0.28 3.51 43.02
1.0 0.88 0.67 0.3 3.31 46.61
1.0 0.92 0.67 0.32 3.13 50.19
1.0 0.95 0.67 0.34 2.97 53.78
1.0 0.96 0.67 0.35 2.82 57.36
1.0 0.91 0.67 0.37 2.69 60.95
1.0 0.85 0.67 0.39 2.57 64.53
1.0 0.81 0.67 0.41 2.46 68.12
1.0 0.84 0.67 0.42 2.36 71.7
1.0 0.88 0.67 0.44 2.27 75.28
1.0 0.93 0.67 0.46 2.18 78.87
1.0 0.96 0.67 0.48 2.1 82.45
1.0 0.97 0.67 0.49 2.03 86.04
1.0 0.97 0.67 0.51 1.96 89.62
1.0 0.96 0.67 0.53 1.9 93.2
1.0 0.92 0.67 0.54 1.84 96.79
1.0 0.83 0.67 0.56 1.78 100.37
1.0 0.8 0.67 0.58 1.73 103.95
1.0 0.83 0.67 0.6 1.68 107.54
1.0 0.89 0.67 0.61 1.63 111.12
1.0 0.96 0.67 0.63 1.59 114.7
1.0 0.98 0.67 0.65 1.54 118.28
1.0 0.96 0.67 0.67 1.5 121.87
1.0 0.93 0.67 0.68 1.47 125.45
1.0 0.92 0.67 0.7 1.43 129.03
1.0 0.94 0.67 0.72 1.39 132.62
1.0 0.96 0.67 0.73 1.36 136.2
1.0 0.9 0.67 0.75 1.33 139.78
1.0 0.72 0.67 0.77 1.3 143.36
0.0 0.47 0.67 0.79 1.27 146.94
0.0 0.29 0.67 0.8 1.24 150.53
0.0 0.4 0.67 0.82 1.22 154.11
1.0 0.67 0.67 0.84 1.19 157.69
1.0 0.89 0.67 0.86 1.17 161.27
1.0 0.98 0.67 0.87 1.15 164.85
1.0 0.97 0.67 0.89 1.12 168.44
1.0 0.93 0.67 0.91 1.1 172.02
1.0 0.92 0.67 0.92 1.08 175.6
1.0 0.87 0.69 0.08 12.9 0.0
1.0 0.89 0.69 0.09 10.55 3.62
1.0 0.91 0.69 0.11 8.92 7.23
1.0 0.94 0.69 0.13 7.73 10.85
1.0 0.87 0.69 0.15 6.82 14.47
0.0 0.65 0.69 0.16 6.1 18.09
0.0 0.34 0.69 0.18 5.52 21.7
0.0 0.19 0.69 0.2 5.04 25.32
0.0 0.37 0.69 0.22 4.63 28.94
1.0 0.67 0.69 0.23 4.29 32.55
1.0 0.9 0.69 0.25 3.99 36.17
1.0 0.94 0.69 0.27 3.74 39.79
1.0 0.9 0.69 0.28 3.51 43.4
1.0 0.89 0.69 0.3 3.31 47.02
1.0 0.92 0.69 0.32 3.13 50.64
1.0 0.96 0.69 0.34 2.97 54.25
1.0 0.96 0.69 0.35 2.82 57.87
1.0 0.91 0.69 0.37 2.69 61.48
1.0 0.85 0.69 0.39 2.57 65.1
1.0 0.82 0.69 0.41 2.46 68.72
1.0 0.84 0.69 0.42 2.36 72.33
1.0 0.88 0.69 0.44 2.27 75.95
1.0 0.93 0.69 0.46 2.18 79.56
1.0 0.96 0.69 0.48 2.1 83.18
1.0 0.97 0.69 0.49 2.03 86.79
1.0 0.97 0.69 0.51 1.96 90.41
1.0 0.96 0.69 0.53 1.9 94.02
1.0 0.92 0.69 0.54 1.84 97.64
1.0 0.83 0.69 0.56 1.78 101.25
1.0 0.8 0.69 0.58 1.73 104.87
1.0 0.83 0.69 0.6 1.68 108.48
1.0 0.89 0.69 0.61 1.63 112.1
1.0 0.96 0.69 0.63 1.59 115.71
1.0 0.98 0.69 0.65 1.54 119.33
1.0 0.96 0.69 0.67 1.5 122.94
1.0 0.93 0.69 0.68 1.47 126.56
1.0 0.92 0.69 0.7 1.43 130.17
1.0 0.94 0.69 0.72 1.39 133.78
1.0 0.96 0.69 0.73 1.36 137.4
1.0 0.9 0.69 0.75 1.33 141.01
1.0 0.72 0.69 0.77 1.3 144.63
0.0 0.47 0.69 0.79 1.27 148.24
0.0 0.29 0.69 0.8 1.24 151.85
0.0 0.41 0.69 0.82 1.22 155.47
1.0 0.67 0.69 0.84 1.19 159.08
1.0 0.89 0.69 0.86 1.17 162.69
1.0 0.98 0.69 0.87 1.15 166.31
1.0 0.97 0.69 0.89 1.12 169.92
1.0 0.93 0.69 0.91 1.1 173.53
1.0 0.93 0.69 0.92 1.08 177.15
1.0 0.87 0.71 0.08 12.9 0.0
1.0 0.89 0.71 0.09 10.55 3.65
1.0 0.91 0.71 0.11 8.92 7.3
1.0 0.94 0.71 0.13 7.73 10.95
1.0 0.87 0.71 0.15 6.82 14.59
0.0 0.65 0.71 0.16 6.1 18.24
0.0 0.35 0.71 0.18 5.52 21.89
0.0 0.19 0.71 0.2 5.04 25.54
0.0 0.37 0.71 0.22 4.63 29.19
1.0 0.67 0.71 0.23 4.29 32.83
1.0 0.9 0.71 0.25 3.99 36.48
1.0 0.94 0.71 0.27 3.74 40.13
1.0 0.9 0.71 0.28 3.51 43.78
1.0 0.89 0.71 0.3 3.31 47.42
1.0 0.92 0.71 0.32 3.13 51.07
1.0 0.96 0.71 0.34 2.97 54.72
1.0 0.96 0.71 0.35 2.82 58.37
1.0 0.92 0.71 0.37 2.69 62.01
1.0 0.85 0.71 0.39 2.57 65.66
1.0 0.82 0.71 0.41 2.46 69.31
1.0 0.84 0.71 0.42 2.36 72.95
1.0 0.88 0.71 0.44 2.27 76.6
1.0 0.93 0.71 0.46 2.18 80.25
1.0 0.96 0.71 0.48 2.1 83.89
1.0 0.97 0.71 0.49 2.03 87.54
1.0 0.97 0.71 0.51 1.96 91.19
1.0 0.96 0.71 0.53 1.9 94.83
1.0 0.92 0.71 0.54 1.84 98.48
1.0 0.83 0.71 0.56 1.78 102.12
1.0 0.8 0.71 0.58 1.73 105.77
1.0 0.83 0.71 0.6 1.68 109.42
1.0 0.89 0.71 0.61 1.63 113.06
1.0 0.96 0.71 0.63 1.59 116.71
1.0 0.98 0.71 0.65 1.54 120.35
1.0 0.96 0.71 0.67 1.5 124.0
1.0 0.93 0.71 0.68 1.47 127.64
1.0 0.92 0.71 0.7 1.43 131.29
1.0 0.94 0.71 0.72 1.39 134.93
1.0 0.96 0.71 0.73 1.36 138.58
1.0 0.9 0.71 0.75 1.33 142.22
1.0 0.72 0.71 0.77 1.3 145.87
0.0 0.47 0.71 0.79 1.27 149.51
0.0 0.29 0.71 0.8 1.24 153.16
0.0 0.41 0.71 0.82 1.22 156.8
1.0 0.67 0.71 0.84 1.19 160.45
1.0 0.89 0.71 0.86 1.17 164.09
1.0 0.98 0.71 0.87 1.15 167.74
1.0 0.97 0.71 0.89 1.12 171.38
1.0 0.93 0.71 0.91 1.1 175.02
1.0 0.93 0.71 0.92 1.08 178.67
1.0 0.88 0.73 0.08 12.9 0.0
1.0 0.89 0.73 0.09 10.55 3.68
1.0 0.92 0.73 0.11 8.92 7.36
1.0 0.94 0.73 0.13 7.73 11.04
1.0 0.88 0.73 0.15 6.82 14.72
0.0 0.65 0.73 0.16 6.1 18.39
0.0 0.35 0.73 0.18 5.52 22.07
0.0 0.19 0.73 0.2 5.04 25.75
0.0 0.37 0.73 0.22 4.63 29.43
1.0 0.68 0.73 0.23 4.29 33.11
1.0 0.9 0.73 0.25 3.99 36.79
1.0 0.95 0.73 0.27 3.74 40.46
1.0 0.9 0.73 0.28 3.51 44.14
1.0 0.89 0.73 0.3 3.31 47.82
1.0 0.92 0.73 0.32 3.13 51.5
1.0 0.96 0.73 0.34 2.97 55.18
1.0 0.96 0.73 0.35 2.82 58.85
1.0 0.92 0.73 0.37 2.69 62.53
1.0 0.85 0.73 0.39 2.57 66.21
1.0 0.82 0.73 0.41 2.46 69.89
1.0 0.84 0.73 0.42 2.36 73.56
1.0 0.88 0.73 0.44 2.27 77.24
1.0 0.93 0.73 0.46 2.18 80.92
1.0 0.96 0.73 0.48 2.1 84.6
1.0 0.98 0.73 0.49 2.03 88.27
1.0 0.97 0.73 0.51 1.96 91.95
1.0 0.96 0.73 0.53 1.9 95.63
1.0 0.93 0.73 0.54 1.84 99.3
1.0 0.83 0.73 0.56 1.78 102.98
1.0 0.81 0.73 0.58 1.73 106.65
1.0 0.83 0.73 0.6 1.68 110.33
1.0 0.89 0.73 0.61 1.63 114.01
1.0 0.96 0.73 0.63 1.59 117.68
1.0 0.98 0.73 0.65 1.54 121.36
1.0 0.96 0.73 0.67 1.5 125.04
1.0 0.93 0.73 0.68 1.47 128.71
1.0 0.92 0.73 0.7 1.43 132.39
1.0 0.94 0.73 0.72 1.39 136.06
1.0 0.96 0.73 0.73 1.36 139.74
1.0 0.9 0.73 0.75 1.33 143.41
1.0 0.72 0.73 0.77 1.3 147.09
0.0 0.47 0.73 0.79 1.27 150.76
0.0 0.29 0.73 0.8 1.24 154.44
0.0 0.41 0.73 0.82 1.22 158.11
1.0 0.67 0.73 0.84 1.19 161.79
1.0 0.9 0.73 0.86 1.17 165.46
1.0 0.99 0.73 0.87 1.15 169.14
1.0 0.97 0.73 0.89 1.12 172.81
1.0 0.94 0.73 0.91 1.1 176.49
1.0 0.93 0.73 0.92 1.08 180.16
1.0 0.88 0.76 0.08 12.9 0.0
1.0 0.9 0.76 0.09 10.55 3.71
1.0 0.92 0.76 0.11 8.92 7.42
1.0 0.95 0.76 0.13 7.73 11.13
1.0 0.88 0.76 0.15 6.82 14.84
0.0 0.65 0.76 0.16 6.1 18.54
0.0 0.35 0.76 0.18 5.52 22.25
0.0 0.19 0.76 0.2 5.04 25.96
0.0 0.37 0.76 0.22 4.63 29.67
1.0 0.68 0.76 0.23 4.29 33.38
1.0 0.9 0.76 0.25 3.99 37.09
1.0 0.95 0.76 0.27 3.74 40.8
1.0 0.9 0.76 0.28 3.51 44.5
1.0 0.89 0.76 0.3 3.31 48.21
1.0 0.93 0.76 0.32 3.13 51.92
1.0 0.96 0.76 0.34 2.97 55.63
1.0 0.96 0.76 0.35 2.82 59.33
1.0 0.92 0.76 0.37 2.69 63.04
1.0 0.86 0.76 0.39 2.57 66.75
1.0 0.82 0.76 0.41 2.46 70.46
1.0 0.84 0.76 0.42 2.36 74.16
1.0 0.88 0.76 0.44 2.27 77.87
1.0 0.93 0.76 0.46 2.18 81.58
1.0 0.96 0.76 0.48 2.1 85.29
1.0 0.98 0.76 0.49 2.03 88.99
1.0 0.97 0.76 0.51 1.96 92.7
1.0 0.96 0.76 0.53 1.9 96.41
1.0 0.93 0.76 0.54 1.84 100.11
1.0 0.83 0.76 0.56 1.78 103.82
1.0 0.81 0.76 0.58 1.73 107.53
1.0 0.83 0.76 0.6 1.68 111.23
1.0 0.89 0.76 0.61 1.63 114.94
1.0 0.96 0.76 0.63 1.59 118.64
1.0 0.98 0.76 0.65 1.54 122.35
1.0 0.96 0.76 0.67 1.5 126.06
1.0 0.93 0.76 0.68 1.47 129.76
1.0 0.93 0.76 0.7 1.43 133.47
1.0 0.95 0.76 0.72 1.39 137.17
1.0 0.96 0.76 0.73 1.36 140.88
1.0 0.91 0.76 0.75 1.33 144.59
1.0 0.72 0.76 0.77 1.3 148.29
0.0 0.47 0.76 0.79 1.27 152.0
0.0 0.29 0.76 0.8 1.24 155.7
0.0 0.41 0.76 0.82 1.22 159.41
1.0 0.67 0.76 0.84 1.19 163.11
1.0 0.9 0.76 0.86 1.17 166.82
1.0 0.99 0.76 0.87 1.15 170.52
1.0 0.97 0.76 0.89 1.12 174.23
1.0 0.94 0.76 0.91 1.1 177.93
1.0 0.93 0.76 0.92 1.08 181.63
1.0 0.88 0.78 0.08 12.9 0.0
1.0 0.9 0.78 0.09 10.55 3.74
1.0 0.92 0.78 0.11 8.92 7.48
1.0 0.95 0.78 0.13 7.73 11.22
1.0 0.88 0.78 0.15 6.82 14.95
0.0 0.65 0.78 0.16 6.1 18.69
0.0 0.35 0.78 0.18 5.52 22.43
0.0 0.19 0.78 0.2 5.04 26.17
0.0 0.37 0.78 0.22 4.63 29.91
1.0 0.68 0.78 0.23 4.29 33.64
1.0 0.91 0.78 0.25 3.99 37.38
1.0 0.95 0.78 0.27 3.74 41.12
1.0 0.91 0.78 0.28 3.51 44.86
1.0 0.89 0.78 0.3 3.31 48.6
1.0 0.93 0.78 0.32 3.13 52.33
1.0 0.96 0.78 0.34 2.97 56.07
1.0 0.96 0.78 0.35 2.82 59.81
1.0 0.92 0.78 0.37 2.69 63.54
1.0 0.86 0.78 0.39 2.57 67.28
1.0 0.82 0.78 0.41 2.46 71.02
1.0 0.84 0.78 0.42 2.36 74.76
1.0 0.88 0.78 0.44 2.27 78.49
1.0 0.94 0.78 0.46 2.18 82.23
1.0 0.96 0.78 0.48 2.1 85.97
1.0 0.98 0.78 0.49 2.03 89.7
1.0 0.97 0.78 0.51 1.96 93.44
1.0 0.96 0.78 0.53 1.9 97.17
1.0 0.93 0.78 0.54 1.84 100.91
1.0 0.83 0.78 0.56 1.78 104.65
1.0 0.81 0.78 0.58 1.73 108.38
1.0 0.83 0.78 0.6 1.68 112.12
1.0 0.89 0.78 0.61 1.63 115.85
1.0 0.96 0.78 0.63 1.59 119.59
1.0 0.98 0.78 0.65 1.54 123.33
1.0 0.96 0.78 0.67 1.5 127.06
1.0 0.93 0.78 0.68 1.47 130.8
1.0 0.93 0.78 0.7 1.43 134.53
1.0 0.95 0.78 0.72 1.39 138.27
1.0 0.96 0.78 0.73 1.36 142.0
1.0 0.91 0.78 0.75 1.33 145.74
1.0 0.72 0.78 0.77 1.3 149.47
0.0 0.47 0.78 0.79 1.27 153.21
0.0 0.29 0.78 0.8 1.24 156.94
0.0 0.41 0.78 0.82 1.22 160.68
1.0 0.67 0.78 0.84 1.19 164.41
1.0 0.9 0.78 0.86 1.17 168.15
1.0 0.99 0.78 0.87 1.15 171.88
1.0 0.97 0.78 0.89 1.12 175.61
1.0 0.94 0.78 0.91 1.1 179.35
1.0 0.93 0.78 0.92 1.08 183.08
1.0 0.89 0.8 0.08 12.9 0.0
1.0 0.9 0.8 0.09 10.55 3.77
1.0 0.92 0.8 0.11 8.92 7.54
1.0 0.95 0.8 0.13 7.73 11.3
1.0 0.88 0.8 0.15 6.82 15.07
0.0 0.66 0.8 0.16 6.1 18.84
0.0 0.35 0.8 0.18 5.52 22.61
0.0 0.19 0.8 0.2 5.04 26.37
0.0 0.37 0.8 0.22 4.63 30.14
1.0 0.68 0.8 0.23 4.29 33.91
1.0 0.91 0.8 0.25 3.99 37.67
1.0 0.95 0.8 0.27 3.74 41.44
1.0 0.91 0.8 0.28 3.51 45.21
1.0 0.89 0.8 0.3 3.31 48.97
1.0 0.93 0.8 0.32 3.13 52.74
1.0 0.97 0.8 0.34 2.97 56.51
1.0 0.97 0.8 0.35 2.82 60.27
1.0 0.92 0.8 0.37 2.69 64.04
1.0 0.86 0.8 0.39 2.57 67.81
1.0 0.82 0.8 0.41 2.46 71.57
1.0 0.84 0.8 0.42 2.36 75.34
1.0 0.88 0.8 0.44 2.27 79.1
1.0 0.94 0.8 0.46 2.18 82.87
1.0 0.96 0.8 0.48 2.1 86.63
1.0 0.98 0.8 0.49 2.03 90.4
1.0 0.97 0.8 0.51 1.96 94.17
1.0 0.96 0.8 0.53 1.9 97.93
1.0 0.93 0.8 0.54 1.84 101.7
1.0 0.84 0.8 0.56 1.78 105.46
1.0 0.81 0.8 0.58 1.73 109.23
1.0 0.83 0.8 0.6 1.68 112.99
1.0 0.89 0.8 0.61 1.63 116.76
1.0 0.97 0.8 0.63 1.59 120.52
1.0 0.98 0.8 0.65 1.54 124.29
1.0 0.96 0.8 0.67 1.5 128.05
1.0 0.94 0.8 0.68 1.47 131.82
1.0 0.93 0.8 0.7 1.43 135.58
1.0 0.95 0.8 0.72 1.39 139.34
1.0 0.96 0.8 0.73 1.36 143.11
1.0 0.91 0.8 0.75 1.33 146.87
1.0 0.72 0.8 0.77 1.3 150.64
0.0 0.47 0.8 0.79 1.27 154.4
0.0 0.29 0.8 0.8 1.24 158.16
0.0 0.41 0.8 0.82 1.22 161.93
1.0 0.67 0.8 0.84 1.19 165.69
1.0 0.9 0.8 0.86 1.17 169.45
1.0 0.99 0.8 0.87 1.15 173.22
1.0 0.97 0.8 0.89 1.12 176.98
1.0 0.94 0.8 0.91 1.1 180.74
1.0 0.93 0.8 0.92 1.08 184.51
1.0 0.89 0.82 0.08 12.9 0.0
1.0 0.9 0.82 0.09 10.55 3.8
1.0 0.93 0.82 0.11 8.92 7.59
1.0 0.95 0.82 0.13 7.73 11.39
1.0 0.89 0.82 0.15 6.82 15.19
0.0 0.66 0.82 0.16 6.1 18.98
0.0 0.35 0.82 0.18 5.52 22.78
0.0 0.19 0.82 0.2 5.04 26.57
0.0 0.38 0.82 0.22 4.63 30.37
1.0 0.68 0.82 0.23 4.29 34.16
1.0 0.91 0.82 0.25 3.99 37.96
1.0 0.95 0.82 0.27 3.74 41.76
1.0 0.91 0.82 0.28 3.51 45.55
1.0 0.89 0.82 0.3 3.31 49.35
1.0 0.93 0.82 0.32 3.13 53.14
1.0 0.97 0.82 0.34 2.97 56.94
1.0 0.97 0.82 0.35 2.82 60.73
1.0 0.92 0.82 0.37 2.69 64.53
1.0 0.86 0.82 0.39 2.57 68.32
1.0 0.82 0.82 0.41 2.46 72.12
1.0 0.84 0.82 0.42 2.36 75.91
1.0 0.89 0.82 0.44 2.27 79.71
1.0 0.94 0.82 0.46 2.18 83.5
1.0 0.96 0.82 0.48 2.1 87.29
1.0 0.98 0.82 0.49 2.03 91.09
1.0 0.97 0.82 0.51 1.96 94.88
1.0 0.97 0.82 0.53 1.9 98.68
1.0 0.93 0.82 0.54 1.84 102.47
1.0 0.84 0.82 0.56 1.78 106.26
1.0 0.81 0.82 0.58 1.73 110.06
1.0 0.83 0.82 0.6 1.68 113.85
1.0 0.89 0.82 0.61 1.63 117.64
1.0 0.97 0.82 0.63 1.59 121.44
1.0 0.98 0.82 0.65 1.54 125.23
1.0 0.96 0.82 0.67 1.5 129.02
1.0 0.94 0.82 0.68 1.47 132.82
1.0 0.93 0.82 0.7 1.43 136.61
1.0 0.95 0.82 0.72 1.39 140.4
1.0 0.96 0.82 0.73 1.36 144.2
1.0 0.91 0.82 0.75 1.33 147.99
1.0 0.72 0.82 0.77 1.3 151.78
0.0 0.47 0.82 0.79 1.27 155.57
0.0 0.29 0.82 0.8 1.24 159.37
0.0 0.41 0.82 0.82 1.22 163.16
1.0 0.67 0.82 0.84 1.19 166.95
1.0 0.9 0.82 0.86 1.17 170.74
1.0 0.99 0.82 0.87 1.15 174.54
1.0 0.97 0.82 0.89 1.12 178.33
1.0 0.94 0.82 0.91 1.1 182.12
1.0 0.93 0.82 0.92 1.08 185.91
1.0 0.89 0.84 0.08 12.9 0.0
1.0 0.91 0.84 0.09 10.55 3.82
1.0 0.93 0.84 0.11 8.92 7.65
1.0 0.95 0.84 0.13 7.73 11.47
1.0 0.89 0.84 0.15 6.82 15.3
0.6 0.66 0.84 0.16 6.1 19.12
0.0 0.35 0.84 0.18 5.52 22.95
0.0 0.19 0.84 0.2 5.04 26.77
0.0 0.38 0.84 0.22 4.63 30.59
1.0 0.68 0.84 0.23 4.29 34.42
1.0 0.91 0.84 0.25 3.99 38.24
1.0 0.96 0.84 0.27 3.74 42.07
1.0 0.91 0.84 0.28 3.51 45.89
1.0 0.9 0.84 0.3 3.31 49.71
1.0 0.93 0.84 0.32 3.13 53.54
1.0 0.97 0.84 0.34 2.97 57.36
1.0 0.97 0.84 0.35 2.82 61.18
1.0 0.92 0.84 0.37 2.69 65.01
1.0 0.86 0.84 0.39 2.57 68.83
1.0 0.82 0.84 0.41 2.46 72.65
1.0 0.85 0.84 0.42 2.36 76.48
1.0 0.89 0.84 0.44 2.27 80.3
1.0 0.94 0.84 0.46 2.18 84.12
1.0 0.97 0.84 0.48 2.1 87.94
1.0 0.98 0.84 0.49 2.03 91.77
1.0 0.98 0.84 0.51 1.96 95.59
1.0 0.97 0.84 0.53 1.9 99.41
1.0 0.93 0.84 0.54 1.84 103.23
1.0 0.84 0.84 0.56 1.78 107.05
1.0 0.81 0.84 0.58 1.73 110.88
1.0 0.84 0.84 0.6 1.68 114.7
1.0 0.89 0.84 0.61 1.63 118.52
1.0 0.97 0.84 0.63 1.59 122.34
1.0 0.98 0.84 0.65 1.54 126.16
1.0 0.97 0.84 0.67 1.5 129.98
1.0 0.94 0.84 0.68 1.47 133.81
1.0 0.93 0.84 0.7 1.43 137.63
1.0 0.95 0.84 0.72 1.39 141.45
1.0 0.97 0.84 0.73 1.36 145.27
1.0 0.91 0.84 0.75 1.33 149.09
1.0 0.72 0.84 0.77 1.3 152.91
0.0 0.47 0.84 0.79 1.27 156.73
0.0 0.29 0.84 0.8 1.24 160.55
0.0 0.41 0.84 0.82 1.22 164.37
1.0 0.67 0.84 0.84 1.19 168.19
1.0 0.9 0.84 0.86 1.17 172.01
1.0 0.99 0.84 0.87 1.15 175.83
1.0 0.97 0.84 0.89 1.12 179.65
1.0 0.94 0.84 0.91 1.1 183.47
1.0 0.93 0.84 0.92 1.08 187.29
1.0 0.89 0.86 0.08 12.9 0.0
1.0 0.91 0.86 0.09 10.55 3.85
1.0 0.93 0.86 0.11 8.92 7.7
1.0 0.96 0.86 0.13 7.73 11.56
1.0 0.89 0.86 0.15 6.82 15.41
0.9 0.66 0.86 0.16 6.1 19.26
0.0 0.35 0.86 0.18 5.52 23.11
0.0 0.19 0.86 0.2 5.04 26.97
0.0 0.38 0.86 0.22 4.63 30.82
1.0 0.68 0.86 0.23 4.29 34.67
1.0 0.91 0.86 0.25 3.99 38.52
1.0 0.96 0.86 0.27 3.74 42.37
1.0 0.91 0.86 0.28 3.51 46.22
1.0 0.9 0.86 0.3 3.31 50.08
1.0 0.93 0.86 0.32 3.13 53.93
1.0 0.97 0.86 0.34 2.97 57.78
1.0 0.97 0.86 0.35 2.82 61.63
1.0 0.93 0.86 0.37 2.69 65.48
1.0 0.86 0.86 0.39 2.57 69.33
1.0 0.82 0.86 0.41 2.46 73.18
1.0 0.85 0.86 0.42 2.36 77.03
1.0 0.89 0.86 0.44 2.27 80.88
1.0 0.94 0.86 0.46 2.18 84.73
1.0 0.97 0.86 0.48 2.1 88.58
1.0 0.98 0.86 0.49 2.03 92.43
1.0 0.98 0.86 0.51 1.96 96.28
1.0 0.97 0.86 0.53 1.9 100.13
1.0 0.93 0.86 0.54 1.84 103.98
1.0 0.84 0.86 0.56 1.78 107.83
1.0 0.81 0.86 0.58 1.73 111.68
1.0 0.84 0.86 0.6 1.68 115.53
1.0 0.89 0.86 0.61 1.63 119.38
1.0 0.97 0.86 0.63 1.59 123.23
1.0 0.98 0.86 0.65 1.54 127.08
1.0 0.97 0.86 0.67 1.5 130.93
1.0 0.94 0.86 0.68 1.47 134.78
1.0 0.93 0.86 0.7 1.43 138.63
1.0 0.95 0.86 0.72 1.39 142.48
1.0 0.97 0.86 0.73 1.36 146.33
1.0 0.91 0.86 0.75 1.33 150.17
1.0 0.72 0.86 0.77 1.3 154.02
0.0 0.47 0.86 0.79 1.27 157.87
0.0 0.29 0.86 0.8 1.24 161.72
0.0 0.41 0.86 0.82 1.22 165.57
1.0 0.67 0.86 0.84 1.19 169.42
1.0 0.9 0.86 0.86 1.17 173.27
1.0 0.99 0.86 0.87 1.15 177.11
1.0 0.97 0.86 0.89 1.12 180.96
1.0 0.94 0.86 0.91 1.1 184.81
1.0 0.93 0.86 0.92 1.08 188.66
1.0 0.9 0.88 0.08 12.9 0.0
1.0 0.91 0.88 0.09 10.55 3.88
1.0 0.93 0.88 0.11 8.92 7.76
1.0 0.96 0.88 0.13 7.73 11.64
1.0 0.89 0.88 0.15 6.82 15.52
1.0 0.66 0.88 0.16 6.1 19.4
0.0 0.35 0.88 0.18 5.52 23.28
0.0 0.19 0.88 0.2 5.04 27.16
0.0 0.38 0.88 0.22 4.63 31.04
1.0 0.69 0.88 0.23 4.29 34.92
1.0 0.91 0.88 0.25 3.99 38.8
1.0 0.96 0.88 0.27 3.74 42.67
1.0 0.91 0.88 0.28 3.51 46.55
1.0 0.9 0.88 0.3 3.31 50.43
1.0 0.93 0.88 0.32 3.13 54.31
1.0 0.97 0.88 0.34 2.97 58.19
1.0 0.97 0.88 0.35 2.82 62.07
1.0 0.93 0.88 0.37 2.69 65.95
1.0 0.86 0.88 0.39 2.57 69.82
1.0 0.83 0.88 0.41 2.46 73.7
1.0 0.85 0.88 0.42 2.36 77.58
1.0 0.89 0.88 0.44 2.27 81.46
1.0 0.94 0.88 0.46 2.18 85.34
1.0 0.97 0.88 0.48 2.1 89.21
1.0 0.98 0.88 0.49 2.03 93.09
1.0 0.98 0.88 0.51 1.96 96.97
1.0 0.97 0.88 0.53 1.9 100.85
1.0 0.93 0.88 0.54 1.84 104.72
1.0 0.84 0.88 0.56 1.78 108.6
1.0 0.81 0.88 0.58 1.73 112.48
1.0 0.84 0.88 0.6 1.68 116.36
1.0 0.89 0.88 0.61 1.63 120.23
1.0 0.97 0.88 0.63 1.59 124.11
1.0 0.98 0.88 0.65 1.54 127.99
1.0 0.97 0.88 0.67 1.5 131.86
1.0 0.94 0.88 0.68 1.47 135.74
1.0 0.93 0.88 0.7 1.43 139.62
1.0 0.95 0.88 0.72 1.39 143.49
1.0 0.97 0.88 0.73 1.36 147.37
1.0 0.91 0.88 0.75 1.33 151.24
1.0 0.72 0.88 0.77 1.3 155.12
0.0 0.47 0.88 0.79 1.27 159.0
0.0 0.29 0.88 0.8 1.24 162.87
0.0 0.41 0.88 0.82 1.22 166.75
1.0 0.67 0.88 0.84 1.19 170.62
1.0 0.9 0.88 0.86 1.17 174.5
1.0 0.99 0.88 0.87 1.15 178.37
1.0 0.98 0.88 0.89 1.12 182.25
1.0 0.94 0.88 0.91 1.1 186.12
1.0 0.93 0.88 0.92 1.08 190.0
1.0 0.9 0.9 0.08 12.9 0.0
1.0 0.91 0.9 0.09 10.55 3.91
1.0 0.93 0.9 0.11 8.92 7.81
1.0 0.96 0.9 0.13 7.73 11.72
1.0 0.89 0.9 0.15 6.82 15.63
1.0 0.66 0.9 0.16 6.1 19.53
0.0 0.35 0.9 0.18 5.52 23.44
0.0 0.19 0.9 0.2 5.04 27.35
0.0 0.38 0.9 0.22 4.63 31.25
1.0 0.69 0.9 0.23 4.29 35.16
1.0 0.92 0.9 0.25 3.99 39.07
1.0 0.96 0.9 0.27 3.74 42.97
1.0 0.91 0.9 0.28 3.51 46.88
1.0 0.9 0.9 0.3 3.31 50.78
1.0 0.93 0.9 0.32 3.13 54.69
1.0 0.97 0.9 0.34 2.97 58.59
1.0 0.97 0.9 0.35 2.82 62.5
1.0 0.93 0.9 0.37 2.69 66.41
1.0 0.86 0.9 0.39 2.57 70.31
1.0 0.83 0.9 0.41 2.46 74.22
1.0 0.85 0.9 0.42 2.36 78.12
1.0 0.89 0.9 0.44 2.27 82.03
1.0 0.94 0.9 0.46 2.18 85.93
1.0 0.97 0.9 0.48 2.1 89.84
1.0 0.98 0.9 0.49 2.03 93.74
1.0 0.98 0.9 0.51 1.96 97.64
1.0 0.97 0.9 0.53 1.9 101.55
1.0 0.93 0.9 0.54 1.84 105.45
1.0 0.84 0.9 0.56 1.78 109.36
1.0 0.81 0.9 0.58 1.73 113.26
1.0 0.84 0.9 0.6 1.68 117.17
1.0 0.89 0.9 0.61 1.63 121.07
1.0 0.97 0.9 0.63 1.59 124.97
1.0 0.98 0.9 0.65 1.54 128.88
1.0 0.97 0.9 0.67 1.5 132.78
1.0 0.94 0.9 0.68 1.47 136.69
1.0 0.93 0.9 0.7 1.43 140.59
1.0 0.95 0.9 0.72 1.39 144.49
1.0 0.97 0.9 0.73 1.36 148.4
1.0 0.91 0.9 0.75 1.33 152.3
1.0 0.72 0.9 0.77 1.3 156.2
0.0 0.47 0.9 0.79 1.27 160.1
0.0 0.29 0.9 0.8 1.24 164.01
0.0 0.41 0.9 0.82 1.22 167.91
1.0 0.67 0.9 0.84 1.19 171.81
1.0 0.9 0.9 0.86 1.17 175.72
1.0 0.99 0.9 0.87 1.15 179.62
1.0 0.98 0.9 0.89 1.12 183.52
1.0 0.94 0.9 0.91 1.1 187.42
1.0 0.93 0.9 0.92 1.08 191.32
1.0 0.9 0.92 0.08 12.9 0.0
1.0 0.91 0.92 0.09 10.55 3.93
1.0 0.94 0.92 0.11 8.92 7.87
1.0 0.96 0.92 0.13 7.73 11.8
1.0 0.9 0.92 0.15 6.82 15.73
1.0 0.67 0.92 0.16 6.1 19.67
0.0 0.35 0.92 0.18 5.52 23.6
0.0 0.19 0.92 0.2 5.04 27.53
0.0 0.38 0.92 0.22 4.63 31.47
1.0 0.69 0.92 0.23 4.29 35.4
1.0 0.92 0.92 0.25 3.99 39.33
1.0 0.96 0.92 0.27 3.74 43.27
1.0 0.92 0.92 0.28 3.51 47.2
1.0 0.9 0.92 0.3 3.31 51.13
1.0 0.94 0.92 0.32 3.13 55.06
1.0 0.97 0.92 0.34 2.97 58.99
1.0 0.97 0.92 0.35 2.82 62.93
1.0 0.93 0.92 0.37 2.69 66.86
1.0 0.86 0.92 0.39 2.57 70.79
1.0 0.83 0.92 0.41 2.46 74.72
1.0 0.85 0.92 0.42 2.36 78.65
1.0 0.89 0.92 0.44 2.27 82.59
1.0 0.94 0.92 0.46 2.18 86.52
1.0 0.97 0.92 0.48 2.1 90.45
1.0 0.98 0.92 0.49 2.03 94.38
1.0 0.98 0.92 0.51 1.96 98.31
1.0 0.97 0.92 0.53 1.9 102.24
1.0 0.93 0.92 0.54 1.84 106.17
1.0 0.84 0.92 0.56 1.78 110.1
1.0 0.81 0.92 0.58 1.73 114.04
1.0 0.84 0.92 0.6 1.68 117.97
1.0 0.9 0.92 0.61 1.63 121.9
1.0 0.97 0.92 0.63 1.59 125.83
1.0 0.99 0.92 0.65 1.54 129.76
1.0 0.97 0.92 0.67 1.5 133.69
1.0 0.94 0.92 0.68 1.47 137.62
1.0 0.93 0.92 0.7 1.43 141.55
1.0 0.95 0.92 0.72 1.39 145.48
1.0 0.97 0.92 0.73 1.36 149.41
1.0 0.91 0.92 0.75 1.33 153.34
1.0 0.72 0.92 0.77 1.3 157.27
0.0 0.47 0.92 0.79 1.27 161.2
0.0 0.29 0.92 0.8 1.24 165.13
0.0 0.41 0.92 0.82 1.22 169.06
1.0 0.67 0.92 0.84 1.19 172.99
1.0 0.9 0.92 0.86 1.17 176.92
1.0 0.99 0.92 0.87 1.15 180.84
1.0 0.98 0.92 0.89 1.12 184.77
1.0 0.94 0.92 0.91 1.1 188.7
1.0 0.93 0.92 0.92 1.08 192.63
1.0 0.9 0.94 0.08 12.9 0.0
1.0 0.92 0.94 0.09 10.55 3.96
1.0 0.94 0.94 0.11 8.92 7.92
1.0 0.96 0.94 0.13 7.73 11.88
1.0 0.9 0.94 0.15 6.82 15.84
1.0 0.67 0.94 0.16 6.1 19.8
0.0 0.35 0.94 0.18 5.52 23.76
0.0 0.2 0.94 0.2 5.04 27.72
0.0 0.38 0.94 0.22 4.63 31.68
1.0 0.69 0.94 0.23 4.29 35.64
1.0 0.92 0.94 0.25 3.99 39.6
1.0 0.96 0.94 0.27 3.74 43.55
1.0 0.92 0.94 0.28 3.51 47.51
1.0 0.9 0.94 0.3 3.31 51.47
1.0 0.94 0.94 0.32 3.13 55.43
1.0 0.97 0.94 0.34 2.97 59.39
1.0 0.97 0.94 0.35 2.82 63.35
1.0 0.93 0.94 0.37 2.69 67.31
1.0 0.86 0.94 0.39 2.57 71.26
1.0 0.83 0.94 0.41 2.46 75.22
1.0 0.85 0.94 0.42 2.36 79.18
1.0 0.89 0.94 0.44 2.27 83.14
1.0 0.94 0.94 0.46 2.18 87.1
1.0 0.97 0.94 0.48 2.1 91.05
1.0 0.98 0.94 0.49 2.03 95.01
1.0 0.98 0.94 0.51 1.96 98.97
1.0 0.97 0.94 0.53 1.9 102.93
1.0 0.93 0.94 0.54 1.84 106.88
1.0 0.84 0.94 0.56 1.78 110.84
1.0 0.81 0.94 0.58 1.73 114.8
1.0 0.84 0.94 0.6 1.68 118.76
1.0 0.9 0.94 0.61 1.63 122.71
1.0 0.97 0.94 0.63 1.59 126.67
1.0 0.99 0.94 0.65 1.54 130.63
1.0 0.97 0.94 0.67 1.5 134.58
1.0 0.94 0.94 0.68 1.47 138.54
1.0 0.93 0.94 0.7 1.43 142.5
1.0 0.95 0.94 0.72 1.39 146.45
1.0 0.97 0.94 0.73 1.36 150.41
1.0 0.91 0.94 0.75 1.33 154.36
1.0 0.72 0.94 0.77 1.3 158.32
0.0 0.47 0.94 0.79 1.27 162.28
0.0 0.29 0.94 0.8 1.24 166.23
0.0 0.41 0.94 0.82 1.22 170.19
1.0 0.68 0.94 0.84 1.19 174.14
1.0 0.9 0.94 0.86 1.17 178.1
1.0 0.99 0.94 0.87 1.15 182.05
1.0 0.98 0.94 0.89 1.12 186.01
1.0 0.94 0.94 0.91 1.1 189.96
1.0 0.93 0.94 0.92 1.08 193.92
1.0 0.9 0.96 0.08 12.9 0.0
1.0 0.92 0.96 0.09 10.55 3.99
1.0 0.94 0.96 0.11 8.92 7.97
1.0 0.96 0.96 0.13 7.73 11.96
1.0 0.9 0.96 0.15 6.82 15.94
1.0 0.67 0.96 0.16 6.1 19.93
0.0 0.35 0.96 0.18 5.52 23.91
0.0 0.2 0.96 0.2 5.04 27.9
0.0 0.38 0.96 0.22 4.63 31.89
1.0 0.69 0.96 0.23 4.29 35.87
1.0 0.92 0.96 0.25 3.99 39.86
1.0 0.96 0.96 0.27 3.74 43.84
1.0 0.92 0.96 0.28 3.51 47.83
1.0 0.9 0.96 0.3 3.31 51.81
1.0 0.94 0.96 0.32 3.13 55.79
1.0 0.97 0.96 0.34 2.97 59.78
1.0 0.97 0.96 0.35 2.82 63.76
1.0 0.93 0.96 0.37 2.69 67.75
1.0 0.86 0.96 0.39 2.57 71.73
1.0 0.83 0.96 0.41 2.46 75.72
1.0 0.85 0.96 0.42 2.36 79.7
1.0 0.89 0.96 0.44 2.27 83.68
1.0 0.94 0.96 0.46 2.18 87.67
1.0 0.97 0.96 0.48 2.1 91.65
1.0 0.98 0.96 0.49 2.03 95.64
1.0 0.98 0.96 0.51 1.96 99.62
1.0 0.97 0.96 0.53 1.9 103.6
1.0 0.93 0.96 0.54 1.84 107.59
1.0 0.84 0.96 0.56 1.78 111.57
1.0 0.81 0.96 0.58 1.73 115.55
1.0 0.84 0.96 0.6 1.68 119.53
1.0 0.9 0.96 0.61 1.63 123.52
1.0 0.97 0.96 0.63 1.59 127.5
1.0 0.99 0.96 0.65 1.54 131.48
1.0 0.97 0.96 0.67 1.5 135.47
1.0 0.94 0.96 0.68 1.47 139.45
1.0 0.93 0.96 0.7 1.43 143.43
1.0 0.95 0.96 0.72 1.39 147.41
1.0 0.97 0.96 0.73 1.36 151.39
1.0 0.91 0.96 0.75 1.33 155.38
1.0 0.72 0.96 0.77 1.3 159.36
0.0 0.47 0.96 0.79 1.27 163.34
0.0 0.29 0.96 0.8 1.24 167.32
0.0 0.41 0.96 0.82 1.22 171.3
1.0 0.68 0.96 0.84 1.19 175.29
1.0 0.9 0.96 0.86 1.17 179.27
1.0 0.99 0.96 0.87 1.15 183.25
1.0 0.98 0.96 0.89 1.12 187.23
1.0 0.94 0.96 0.91 1.1 191.21
1.0 0.93 0.96 0.92 1.08 195.19
1.0 0.91 0.98 0.08 12.9 0.0
1.0 0.92 0.98 0.09 10.55 4.01
1.0 0.94 0.98 0.11 8.92 8.02
1.0 0.96 0.98 0.13 7.73 12.03
1.0 0.9 0.98 0.15 6.82 16.05
1.0 0.67 0.98 0.16 6.1 20.06
0.0 0.35 0.98 0.18 5.52 24.07
0.0 0.2 0.98 0.2 5.04 28.08
0.0 0.38 0.98 0.22 4.63 32.09
1.0 0.69 0.98 0.23 4.29 36.1
1.0 0.92 0.98 0.25 3.99 40.11
1.0 0.96 0.98 0.27 3.74 44.12
1.0 0.92 0.98 0.28 3.51 48.13
1.0 0.9 0.98 0.3 3.31 52.14
1.0 0.94 0.98 0.32 3.13 56.15
1.0 0.97 0.98 0.34 2.97 60.16
1.0 0.98 0.98 0.35 2.82 64.17
1.0 0.93 0.98 0.37 2.69 68.18
1.0 0.87 0.98 0.39 2.57 72.19
1.0 0.83 0.98 0.41 2.46 76.2
1.0 0.85 0.98 0.42 2.36 80.21
1.0 0.89 0.98 0.44 2.27 84.22
1.0 0.94 0.98 0.46 2.18 88.23
1.0 0.97 0.98 0.48 2.1 92.24
1.0 0.98 0.98 0.49 2.03 96.25
1.0 0.98 0.98 0.51 1.96 100.26
1.0 0.97 0.98 0.53 1.9 104.27
1.0 0.94 0.98 0.54 1.84 108.28
1.0 0.84 0.98 0.56 1.78 112.29
1.0 0.81 0.98 0.58 1.73 116.3
1.0 0.84 0.98 0.6 1.68 120.3
1.0 0.9 0.98 0.61 1.63 124.31
1.0 0.97 0.98 0.63 1.59 128.32
1.0 0.99 0.98 0.65 1.54 132.33
1.0 0.97 0.98 0.67 1.5 136.34
1.0 0.94 0.98 0.68 1.47 140.35
1.0 0.93 0.98 0.7 1.43 144.35
1.0 0.95 0.98 0.72 1.39 148.36
1.0 0.97 0.98 0.73 1.36 152.37
1.0 0.91 0.98 0.75 1.33 156.38
1.0 0.72 0.98 0.77 1.3 160.38
0.0 0.47 0.98 0.79 1.27 164.39
0.0 0.29 0.98 0.8 1.24 168.4
0.0 0.41 0.98 0.82 1.22 172.41
1.0 0.68 0.98 0.84 1.19 176.41
1.0 0.9 0.98 0.86 1.17 180.42
1.0 0.99 0.98 0.87 1.15 184.43
1.0 0.98 0.98 0.89 1.12 188.43
1.0 0.94 0.98 0.91 1.1 192.44
1.0 0.93 0.98 0.92 1.08 196.45
1.0 0.91 1.0 0.08 12.9 0.0
1.0 0.92 1.0 0.09 10.55 4.04
1.0 0.94 1.0 0.11 8.92 8.07
1.0 0.97 1.0 0.13 7.73 12.11
1.0 0.9 1.0 0.15 6.82 16.15
1.0 0.67 1.0 0.16 6.1 20.18
0.0 0.35 1.0 0.18 5.52 24.22
0.0 0.2 1.0 0.2 5.04 28.26
0.0 0.38 1.0 0.22 4.63 32.29
1.0 0.69 1.0 0.23 4.29 36.33
1.0 0.92 1.0 0.25 3.99 40.36
1.0 0.96 1.0 0.27 3.74 44.4
1.0 0.92 1.0 0.28 3.51 48.44
1.0 0.9 1.0 0.3 3.31 52.47
1.0 0.94 1.0 0.32 3.13 56.51
1.0 0.98 1.0 0.34 2.97 60.54
1.0 0.98 1.0 0.35 2.82 64.58
1.0 0.93 1.0 0.37 2.69 68.61
1.0 0.87 1.0 0.39 2.57 72.65
1.0 0.83 1.0 0.41 2.46 76.68
1.0 0.85 1.0 0.42 2.36 80.72
1.0 0.89 1.0 0.44 2.27 84.75
1.0 0.95 1.0 0.46 2.18 88.79
1.0 0.97 1.0 0.48 2.1 92.82
1.0 0.98 1.0 0.49 2.03 96.86
1.0 0.98 1.0 0.51 1.96 100.89
1.0 0.97 1.0 0.53 1.9 104.93
1.0 0.94 1.0 0.54 1.84 108.96
1.0 0.84 1.0 0.56 1.78 112.99
1.0 0.81 1.0 0.58 1.73 117.03
1.0 0.84 1.0 0.6 1.68 121.06
1.0 0.9 1.0 0.61 1.63 125.1
1.0 0.97 1.0 0.63 1.59 129.13
1.0 0.99 1.0 0.65 1.54 133.16
1.0 0.97 1.0 0.67 1.5 137.2
1.0 0.94 1.0 0.68 1.47 141.23
1.0 0.93 1.0 0.7 1.43 145.26
1.0 0.95 1.0 0.72 1.39 149.3
1.0 0.97 1.0 0.73 1.36 153.33
1.0 0.91 1.0 0.75 1.33 157.36
1.0 0.72 1.0 0.77 1.3 161.4
0.0 0.47 1.0 0.79 1.27 165.43
0.0 0.29 1.0 0.8 1.24 169.46
0.0 0.41 1.0 0.82 1.22 173.49
1.0 0.68 1.0 0.84 1.19 177.53
1.0 0.9 1.0 0.86 1.17 181.56
1.0 0.99 1.0 0.87 1.15 185.59
1.0 0.98 1.0 0.89 1.12 189.62
1.0 0.94 1.0 0.91 1.1 193.66
1.0 0.93 1.0 0.92 1.08 197.69
