Probability Power PlanetMass Frequency Period RVamplitude
0.0 0.0 0.0 0.08 12.9 0.0
0.0 0.0 0.0 0.08 12.62 1.77
0.0 0.0 0.0 0.08 12.36 3.53
0.0 0.0 0.0 0.08 12.1 5.3
0.0 0.0 0.0 0.08 11.86 7.07
0.0 0.0 0.0 0.09 11.62 8.83
0.0 0.0 0.0 0.09 11.4 10.6
0.0 0.0 0.0 0.09 11.18 12.37
0.0 0.0 0.0 0.09 10.97 14.13
0.0 0.0 0.0 0.09 10.77 15.9
0.0 0.0 0.0 0.09 10.58 17.67
0.0 0.0 0.0 0.1 10.39 19.43
0.0 0.0 0.0 0.1 10.21 21.2
0.0 0.0 0.0 0.1 10.04 22.97
0.0 0.0 0.0 0.1 9.87 24.73
0.0 0.0 0.0 0.1 9.71 26.5
0.0 0.0 0.0 0.1 9.55 28.27
0.0 0.0 0.0 0.11 9.4 30.03
0.0 0.0 0.0 0.11 9.25 31.8
0.0 0.0 0.0 0.11 9.11 33.57
0.0 0.0 0.0 0.11 8.97 35.33
0.0 0.0 0.0 0.11 8.83 37.1
0.0 0.0 0.0 0.11 8.7 38.86
0.0 0.0 0.0 0.12 8.58 40.63
0.0 0.0 0.0 0.12 8.45 42.4
0.0 0.0 0.0 0.12 8.33 44.16
0.0 0.0 0.0 0.12 8.22 45.93
0.0 0.0 0.0 0.12 8.11 47.69
0.0 0.0 0.0 0.13 8.0 49.46
0.0 0.0 0.0 0.13 7.89 51.23
0.0 0.0 0.0 0.13 7.78 52.99
0.0 0.0 0.0 0.13 7.68 54.76
0.0 0.0 0.0 0.13 7.58 56.52
0.0 0.0 0.0 0.13 7.49 58.29
0.0 0.0 0.0 0.14 7.39 60.05
0.0 0.0 0.0 0.14 7.3 61.82
0.0 0.0 0.0 0.14 7.21 63.58
0.0 0.0 0.0 0.14 7.13 65.35
0.0 0.0 0.0 0.14 7.04 67.11
0.0 0.0 0.0 0.14 6.96 68.88
0.0 0.0 0.0 0.15 6.88 70.65
0.0 0.0 0.0 0.15 6.8 72.41
0.0 0.0 0.0 0.15 6.72 74.18
0.0 0.0 0.0 0.15 6.64 75.94
0.0 0.0 0.0 0.15 6.57 77.71
0.0 0.0 0.0 0.15 6.5 79.47
0.0 0.0 0.0 0.16 6.43 81.24
0.0 0.0 0.0 0.16 6.36 83.0
0.0 0.0 0.0 0.16 6.29 84.77
0.0 0.0 0.0 0.16 6.22 86.53
0.0 0.02 0.02 0.08 12.9 0.0
0.0 0.02 0.02 0.08 12.62 1.78
0.0 0.02 0.02 0.08 12.36 3.56
0.0 0.01 0.02 0.08 12.1 5.34
0.0 0.01 0.02 0.08 11.86 7.12
0.0 0.01 0.02 0.09 11.62 8.9
0.0 0.01 0.02 0.09 11.4 10.68
0.0 0.01 0.02 0.09 11.18 12.46
0.0 0.01 0.02 0.09 10.97 14.24
0.0 0.01 0.02 0.09 10.77 16.02
0.0 0.01 0.02 0.09 10.58 17.8
0.0 0.0 0.02 0.1 10.39 19.58
0.0 0.0 0.02 0.1 10.21 21.35
0.0 0.0 0.02 0.1 10.04 23.13
0.0 -0.0 0.02 0.1 9.87 24.91
0.0 -0.0 0.02 0.1 9.71 26.69
0.0 -0.0 0.02 0.1 9.55 28.47
0.0 -0.01 0.02 0.11 9.4 30.25
0.0 -0.01 0.02 0.11 9.25 32.03
0.0 -0.01 0.02 0.11 9.11 33.81
0.0 -0.01 0.02 0.11 8.97 35.59
0.0 -0.01 0.02 0.11 8.83 37.37
0.0 -0.01 0.02 0.11 8.7 39.15
0.0 -0.01 0.02 0.12 8.58 40.92
0.0 -0.01 0.02 0.12 8.45 42.7
0.0 -0.01 0.02 0.12 8.33 44.48
0.0 -0.01 0.02 0.12 8.22 46.26
0.0 -0.01 0.02 0.12 8.11 48.04
0.0 -0.01 0.02 0.13 8.0 49.82
0.0 -0.01 0.02 0.13 7.89 51.6
0.0 -0.0 0.02 0.13 7.78 53.37
0.0 -0.0 0.02 0.13 7.68 55.15
0.0 0.0 0.02 0.13 7.58 56.93
0.0 0.01 0.02 0.13 7.49 58.71
0.0 0.01 0.02 0.14 7.39 60.49
0.0 0.02 0.02 0.14 7.3 62.27
0.0 0.03 0.02 0.14 7.21 64.04
0.0 0.03 0.02 0.14 7.13 65.82
0.0 0.04 0.02 0.14 7.04 67.6
0.0 0.05 0.02 0.14 6.96 69.38
0.0 0.05 0.02 0.15 6.88 71.16
0.0 0.06 0.02 0.15 6.8 72.94
0.0 0.06 0.02 0.15 6.72 74.71
0.0 0.07 0.02 0.15 6.64 76.49
0.0 0.07 0.02 0.15 6.57 78.27
0.0 0.08 0.02 0.15 6.5 80.05
0.0 0.08 0.02 0.16 6.43 81.82
0.0 0.08 0.02 0.16 6.36 83.6
0.0 0.08 0.02 0.16 6.29 85.38
0.0 0.08 0.02 0.16 6.22 87.16
0.0 0.05 0.04 0.08 12.9 0.0
0.0 0.05 0.04 0.08 12.62 1.79
0.0 0.04 0.04 0.08 12.36 3.58
0.0 0.04 0.04 0.08 12.1 5.38
0.0 0.04 0.04 0.08 11.86 7.17
0.0 0.04 0.04 0.09 11.62 8.96
0.0 0.04 0.04 0.09 11.4 10.75
0.0 0.03 0.04 0.09 11.18 12.55
0.0 0.03 0.04 0.09 10.97 14.34
0.0 0.03 0.04 0.09 10.77 16.13
0.0 0.03 0.04 0.09 10.58 17.92
0.0 0.02 0.04 0.1 10.39 19.71
0.0 0.02 0.04 0.1 10.21 21.51
0.0 0.02 0.04 0.1 10.04 23.3
0.0 0.01 0.04 0.1 9.87 25.09
0.0 0.01 0.04 0.1 9.71 26.88
0.0 0.01 0.04 0.1 9.55 28.67
0.0 0.0 0.04 0.11 9.4 30.47
0.0 0.0 0.04 0.11 9.25 32.26
0.0 -0.0 0.04 0.11 9.11 34.05
0.0 -0.01 0.04 0.11 8.97 35.84
0.0 -0.01 0.04 0.11 8.83 37.63
0.0 -0.01 0.04 0.11 8.7 39.42
0.0 -0.01 0.04 0.12 8.58 41.21
0.0 -0.01 0.04 0.12 8.45 43.01
0.0 -0.01 0.04 0.12 8.33 44.8
0.0 -0.01 0.04 0.12 8.22 46.59
0.0 -0.01 0.04 0.12 8.11 48.38
0.0 -0.0 0.04 0.13 8.0 50.17
0.0 0.0 0.04 0.13 7.89 51.96
0.0 0.01 0.04 0.13 7.78 53.75
0.0 0.02 0.04 0.13 7.68 55.54
0.0 0.02 0.04 0.13 7.58 57.34
0.0 0.03 0.04 0.13 7.49 59.13
0.0 0.05 0.04 0.14 7.39 60.92
0.0 0.06 0.04 0.14 7.3 62.71
0.0 0.07 0.04 0.14 7.21 64.5
0.0 0.08 0.04 0.14 7.13 66.29
0.0 0.09 0.04 0.14 7.04 68.08
0.0 0.11 0.04 0.14 6.96 69.87
0.0 0.12 0.04 0.15 6.88 71.66
0.0 0.13 0.04 0.15 6.8 73.45
0.0 0.14 0.04 0.15 6.72 75.24
0.0 0.14 0.04 0.15 6.64 77.03
0.0 0.15 0.04 0.15 6.57 78.82
0.0 0.15 0.04 0.15 6.5 80.61
0.0 0.16 0.04 0.16 6.43 82.4
0.0 0.16 0.04 0.16 6.36 84.19
0.0 0.16 0.04 0.16 6.29 85.99
0.0 0.16 0.04 0.16 6.22 87.78
0.0 0.09 0.06 0.08 12.9 0.0
0.0 0.09 0.06 0.08 12.62 1.8
0.0 0.08 0.06 0.08 12.36 3.61
0.0 0.08 0.06 0.08 12.1 5.41
0.0 0.08 0.06 0.08 11.86 7.22
0.0 0.08 0.06 0.09 11.62 9.02
0.0 0.07 0.06 0.09 11.4 10.83
0.0 0.07 0.06 0.09 11.18 12.63
0.0 0.07 0.06 0.09 10.97 14.44
0.0 0.06 0.06 0.09 10.77 16.24
0.0 0.06 0.06 0.09 10.58 18.05
0.0 0.06 0.06 0.1 10.39 19.85
0.0 0.05 0.06 0.1 10.21 21.66
0.0 0.05 0.06 0.1 10.04 23.46
0.0 0.04 0.06 0.1 9.87 25.26
0.0 0.04 0.06 0.1 9.71 27.07
0.0 0.03 0.06 0.1 9.55 28.87
0.0 0.03 0.06 0.11 9.4 30.68
0.0 0.02 0.06 0.11 9.25 32.48
0.0 0.02 0.06 0.11 9.11 34.28
0.0 0.01 0.06 0.11 8.97 36.09
0.0 0.01 0.06 0.11 8.83 37.89
0.0 0.01 0.06 0.11 8.7 39.7
0.0 0.0 0.06 0.12 8.58 41.5
0.0 0.0 0.06 0.12 8.45 43.3
0.0 0.0 0.06 0.12 8.33 45.11
0.0 0.01 0.06 0.12 8.22 46.91
0.0 0.01 0.06 0.12 8.11 48.72
0.0 0.02 0.06 0.13 8.0 50.52
0.0 0.02 0.06 0.13 7.89 52.32
0.0 0.03 0.06 0.13 7.78 54.13
0.0 0.05 0.06 0.13 7.68 55.93
0.0 0.06 0.06 0.13 7.58 57.73
0.0 0.07 0.06 0.13 7.49 59.54
0.0 0.09 0.06 0.14 7.39 61.34
0.0 0.11 0.06 0.14 7.3 63.14
0.0 0.12 0.06 0.14 7.21 64.95
0.0 0.14 0.06 0.14 7.13 66.75
0.0 0.16 0.06 0.14 7.04 68.55
0.0 0.17 0.06 0.14 6.96 70.36
0.0 0.18 0.06 0.15 6.88 72.16
0.0 0.2 0.06 0.15 6.8 73.96
0.0 0.21 0.06 0.15 6.72 75.77
0.0 0.22 0.06 0.15 6.64 77.57
0.0 0.22 0.06 0.15 6.57 79.37
0.0 0.23 0.06 0.15 6.5 81.17
0.0 0.23 0.06 0.16 6.43 82.98
0.0 0.23 0.06 0.16 6.36 84.78
0.0 0.23 0.06 0.16 6.29 86.58
0.0 0.23 0.06 0.16 6.22 88.38
0.0 0.14 0.08 0.08 12.9 0.0
0.0 0.14 0.08 0.08 12.62 1.82
0.0 0.13 0.08 0.08 12.36 3.63
0.0 0.13 0.08 0.08 12.1 5.45
0.0 0.13 0.08 0.08 11.86 7.27
0.0 0.12 0.08 0.09 11.62 9.09
0.0 0.12 0.08 0.09 11.4 10.9
0.0 0.12 0.08 0.09 11.18 12.72
0.0 0.11 0.08 0.09 10.97 14.54
0.0 0.11 0.08 0.09 10.77 16.35
0.0 0.1 0.08 0.09 10.58 18.17
0.0 0.1 0.08 0.1 10.39 19.99
0.0 0.09 0.08 0.1 10.21 21.8
0.0 0.09 0.08 0.1 10.04 23.62
0.0 0.08 0.08 0.1 9.87 25.44
0.0 0.08 0.08 0.1 9.71 27.25
0.0 0.07 0.08 0.1 9.55 29.07
0.0 0.07 0.08 0.11 9.4 30.89
0.0 0.06 0.08 0.11 9.25 32.7
0.0 0.05 0.08 0.11 9.11 34.52
0.0 0.05 0.08 0.11 8.97 36.33
0.0 0.04 0.08 0.11 8.83 38.15
0.0 0.04 0.08 0.11 8.7 39.97
0.0 0.04 0.08 0.12 8.58 41.78
0.0 0.03 0.08 0.12 8.45 43.6
0.0 0.03 0.08 0.12 8.33 45.42
0.0 0.04 0.08 0.12 8.22 47.23
0.0 0.04 0.08 0.12 8.11 49.05
0.0 0.05 0.08 0.13 8.0 50.86
0.0 0.06 0.08 0.13 7.89 52.68
0.0 0.07 0.08 0.13 7.78 54.49
0.0 0.09 0.08 0.13 7.68 56.31
0.0 0.11 0.08 0.13 7.58 58.13
0.0 0.13 0.08 0.13 7.49 59.94
0.0 0.14 0.08 0.14 7.39 61.76
0.0 0.16 0.08 0.14 7.3 63.57
0.0 0.18 0.08 0.14 7.21 65.39
0.0 0.2 0.08 0.14 7.13 67.2
0.0 0.22 0.08 0.14 7.04 69.02
0.0 0.24 0.08 0.14 6.96 70.83
0.0 0.25 0.08 0.15 6.88 72.65
0.0 0.27 0.08 0.15 6.8 74.47
0.0 0.28 0.08 0.15 6.72 76.28
0.0 0.29 0.08 0.15 6.64 78.1
0.0 0.29 0.08 0.15 6.57 79.91
0.0 0.3 0.08 0.15 6.5 81.73
0.0 0.3 0.08 0.16 6.43 83.54
0.0 0.3 0.08 0.16 6.36 85.36
0.0 0.29 0.08 0.16 6.29 87.17
0.0 0.29 0.08 0.16 6.22 88.99
0.0 0.19 0.1 0.08 12.9 0.0
0.0 0.19 0.1 0.08 12.62 1.83
0.0 0.19 0.1 0.08 12.36 3.66
0.0 0.18 0.1 0.08 12.1 5.49
0.0 0.18 0.1 0.08 11.86 7.32
0.0 0.18 0.1 0.09 11.62 9.15
0.0 0.17 0.1 0.09 11.4 10.97
0.0 0.17 0.1 0.09 11.18 12.8
0.0 0.16 0.1 0.09 10.97 14.63
0.0 0.16 0.1 0.09 10.77 16.46
0.0 0.15 0.1 0.09 10.58 18.29
0.0 0.15 0.1 0.1 10.39 20.12
0.0 0.14 0.1 0.1 10.21 21.95
0.0 0.14 0.1 0.1 10.04 23.78
0.0 0.13 0.1 0.1 9.87 25.61
0.0 0.13 0.1 0.1 9.71 27.43
0.0 0.12 0.1 0.1 9.55 29.26
0.0 0.11 0.1 0.11 9.4 31.09
0.0 0.11 0.1 0.11 9.25 32.92
0.0 0.1 0.1 0.11 9.11 34.75
0.0 0.09 0.1 0.11 8.97 36.58
0.0 0.09 0.1 0.11 8.83 38.4
0.0 0.08 0.1 0.11 8.7 40.23
0.0 0.08 0.1 0.12 8.58 42.06
0.0 0.08 0.1 0.12 8.45 43.89
0.0 0.08 0.1 0.12 8.33 45.72
0.0 0.08 0.1 0.12 8.22 47.55
0.0 0.09 0.1 0.12 8.11 49.37
0.0 0.09 0.1 0.13 8.0 51.2
0.0 0.11 0.1 0.13 7.89 53.03
0.0 0.12 0.1 0.13 7.78 54.86
0.0 0.14 0.1 0.13 7.68 56.69
0.0 0.16 0.1 0.13 7.58 58.51
0.0 0.18 0.1 0.13 7.49 60.34
0.0 0.2 0.1 0.14 7.39 62.17
0.0 0.23 0.1 0.14 7.3 64.0
0.0 0.25 0.1 0.14 7.21 65.82
0.0 0.27 0.1 0.14 7.13 67.65
0.0 0.29 0.1 0.14 7.04 69.48
0.0 0.31 0.1 0.14 6.96 71.31
0.0 0.32 0.1 0.15 6.88 73.13
0.0 0.33 0.1 0.15 6.8 74.96
0.0 0.34 0.1 0.15 6.72 76.79
0.0 0.35 0.1 0.15 6.64 78.62
0.0 0.35 0.1 0.15 6.57 80.44
0.0 0.36 0.1 0.15 6.5 82.27
0.0 0.36 0.1 0.16 6.43 84.1
0.0 0.35 0.1 0.16 6.36 85.92
0.0 0.35 0.1 0.16 6.29 87.75
0.0 0.34 0.1 0.16 6.22 89.58
0.0 0.25 0.12 0.08 12.9 0.0
0.0 0.25 0.12 0.08 12.62 1.84
0.0 0.24 0.12 0.08 12.36 3.68
0.0 0.24 0.12 0.08 12.1 5.52
0.0 0.24 0.12 0.08 11.86 7.36
0.0 0.23 0.12 0.09 11.62 9.21
0.0 0.23 0.12 0.09 11.4 11.05
0.0 0.22 0.12 0.09 11.18 12.89
0.0 0.22 0.12 0.09 10.97 14.73
0.0 0.21 0.12 0.09 10.77 16.57
0.0 0.21 0.12 0.09 10.58 18.41
0.0 0.2 0.12 0.1 10.39 20.25
0.0 0.2 0.12 0.1 10.21 22.09
0.0 0.19 0.12 0.1 10.04 23.93
0.0 0.19 0.12 0.1 9.87 25.77
0.0 0.18 0.12 0.1 9.71 27.61
0.0 0.17 0.12 0.1 9.55 29.45
0.0 0.17 0.12 0.11 9.4 31.29
0.0 0.16 0.12 0.11 9.25 33.13
0.0 0.15 0.12 0.11 9.11 34.98
0.0 0.14 0.12 0.11 8.97 36.82
0.0 0.14 0.12 0.11 8.83 38.66
0.0 0.13 0.12 0.11 8.7 40.5
0.0 0.13 0.12 0.12 8.58 42.34
0.0 0.13 0.12 0.12 8.45 44.18
0.0 0.13 0.12 0.12 8.33 46.02
0.0 0.13 0.12 0.12 8.22 47.86
0.0 0.14 0.12 0.12 8.11 49.7
0.0 0.15 0.12 0.13 8.0 51.54
0.0 0.16 0.12 0.13 7.89 53.38
0.0 0.18 0.12 0.13 7.78 55.22
0.0 0.2 0.12 0.13 7.68 57.06
0.0 0.22 0.12 0.13 7.58 58.9
0.0 0.24 0.12 0.13 7.49 60.74
0.0 0.27 0.12 0.14 7.39 62.58
0.0 0.29 0.12 0.14 7.3 64.41
0.0 0.31 0.12 0.14 7.21 66.25
0.0 0.33 0.12 0.14 7.13 68.09
0.0 0.35 0.12 0.14 7.04 69.93
0.0 0.37 0.12 0.14 6.96 71.77
0.0 0.38 0.12 0.15 6.88 73.61
0.0 0.39 0.12 0.15 6.8 75.45
0.0 0.4 0.12 0.15 6.72 77.29
0.0 0.41 0.12 0.15 6.64 79.13
0.0 0.41 0.12 0.15 6.57 80.97
0.0 0.41 0.12 0.15 6.5 82.81
0.0 0.41 0.12 0.16 6.43 84.65
0.0 0.4 0.12 0.16 6.36 86.49
0.0 0.4 0.12 0.16 6.29 88.33
0.0 0.39 0.12 0.16 6.22 90.16
0.0 0.3 0.14 0.08 12.9 0.0
0.0 0.3 0.14 0.08 12.62 1.85
0.0 0.3 0.14 0.08 12.36 3.71
0.0 0.3 0.14 0.08 12.1 5.56
0.0 0.29 0.14 0.08 11.86 7.41
0.0 0.29 0.14 0.09 11.62 9.26
0.0 0.28 0.14 0.09 11.4 11.12
0.0 0.28 0.14 0.09 11.18 12.97
0.0 0.27 0.14 0.09 10.97 14.82
0.0 0.27 0.14 0.09 10.77 16.68
0.0 0.26 0.14 0.09 10.58 18.53
0.0 0.26 0.14 0.1 10.39 20.38
0.0 0.25 0.14 0.1 10.21 22.23
0.0 0.25 0.14 0.1 10.04 24.09
0.0 0.24 0.14 0.1 9.87 25.94
0.0 0.24 0.14 0.1 9.71 27.79
0.0 0.23 0.14 0.1 9.55 29.64
0.0 0.22 0.14 0.11 9.4 31.5
0.0 0.22 0.14 0.11 9.25 33.35
0.0 0.21 0.14 0.11 9.11 35.2
0.0 0.2 0.14 0.11 8.97 37.05
0.0 0.19 0.14 0.11 8.83 38.9
0.0 0.19 0.14 0.11 8.7 40.76
0.0 0.18 0.14 0.12 8.58 42.61
0.0 0.18 0.14 0.12 8.45 44.46
0.0 0.18 0.14 0.12 8.33 46.31
0.0 0.18 0.14 0.12 8.22 48.16
0.0 0.19 0.14 0.12 8.11 50.02
0.0 0.2 0.14 0.13 8.0 51.87
0.0 0.22 0.14 0.13 7.89 53.72
0.0 0.24 0.14 0.13 7.78 55.57
0.0 0.26 0.14 0.13 7.68 57.42
0.0 0.28 0.14 0.13 7.58 59.27
0.0 0.3 0.14 0.13 7.49 61.12
0.0 0.33 0.14 0.14 7.39 62.98
0.0 0.35 0.14 0.14 7.3 64.83
0.0 0.37 0.14 0.14 7.21 66.68
0.0 0.39 0.14 0.14 7.13 68.53
0.0 0.41 0.14 0.14 7.04 70.38
0.0 0.43 0.14 0.14 6.96 72.23
0.0 0.44 0.14 0.15 6.88 74.08
0.0 0.45 0.14 0.15 6.8 75.93
0.0 0.46 0.14 0.15 6.72 77.79
0.0 0.46 0.14 0.15 6.64 79.64
0.0 0.46 0.14 0.15 6.57 81.49
0.0 0.46 0.14 0.15 6.5 83.34
0.0 0.45 0.14 0.16 6.43 85.19
0.0 0.45 0.14 0.16 6.36 87.04
0.0 0.44 0.14 0.16 6.29 88.89
0.0 0.42 0.14 0.16 6.22 90.74
0.0 0.36 0.16 0.08 12.9 0.0
0.0 0.36 0.16 0.08 12.62 1.86
0.0 0.35 0.16 0.08 12.36 3.73
0.0 0.35 0.16 0.08 12.1 5.59
0.0 0.35 0.16 0.08 11.86 7.46
0.0 0.34 0.16 0.09 11.62 9.32
0.0 0.34 0.16 0.09 11.4 11.19
0.0 0.33 0.16 0.09 11.18 13.05
0.0 0.33 0.16 0.09 10.97 14.92
0.0 0.32 0.16 0.09 10.77 16.78
0.0 0.32 0.16 0.09 10.58 18.64
0.0 0.31 0.16 0.1 10.39 20.51
0.0 0.31 0.16 0.1 10.21 22.37
0.0 0.3 0.16 0.1 10.04 24.24
0.0 0.3 0.16 0.1 9.87 26.1
0.0 0.29 0.16 0.1 9.71 27.97
0.0 0.29 0.16 0.1 9.55 29.83
0.0 0.28 0.16 0.11 9.4 31.69
0.0 0.27 0.16 0.11 9.25 33.56
0.0 0.27 0.16 0.11 9.11 35.42
0.0 0.26 0.16 0.11 8.97 37.28
0.0 0.25 0.16 0.11 8.83 39.15
0.0 0.24 0.16 0.11 8.7 41.01
0.0 0.24 0.16 0.12 8.58 42.88
0.0 0.24 0.16 0.12 8.45 44.74
0.0 0.24 0.16 0.12 8.33 46.6
0.0 0.24 0.16 0.12 8.22 48.47
0.0 0.25 0.16 0.12 8.11 50.33
0.0 0.26 0.16 0.13 8.0 52.19
0.0 0.28 0.16 0.13 7.89 54.06
0.0 0.29 0.16 0.13 7.78 55.92
0.0 0.31 0.16 0.13 7.68 57.78
0.0 0.34 0.16 0.13 7.58 59.65
0.0 0.36 0.16 0.13 7.49 61.51
0.0 0.39 0.16 0.14 7.39 63.37
0.0 0.41 0.16 0.14 7.3 65.24
0.0 0.43 0.16 0.14 7.21 67.1
0.0 0.45 0.16 0.14 7.13 68.96
0.0 0.46 0.16 0.14 7.04 70.82
0.0 0.48 0.16 0.14 6.96 72.69
0.0 0.49 0.16 0.15 6.88 74.55
0.0 0.5 0.16 0.15 6.8 76.41
0.0 0.5 0.16 0.15 6.72 78.28
0.0 0.5 0.16 0.15 6.64 80.14
0.0 0.5 0.16 0.15 6.57 82.0
0.0 0.5 0.16 0.15 6.5 83.86
0.0 0.49 0.16 0.16 6.43 85.73
0.0 0.48 0.16 0.16 6.36 87.59
0.0 0.47 0.16 0.16 6.29 89.45
0.0 0.46 0.16 0.16 6.22 91.31
0.0 0.41 0.18 0.08 12.9 0.0
0.0 0.41 0.18 0.08 12.62 1.88
0.0 0.4 0.18 0.08 12.36 3.75
0.0 0.4 0.18 0.08 12.1 5.63
0.0 0.4 0.18 0.08 11.86 7.5
0.0 0.39 0.18 0.09 11.62 9.38
0.0 0.39 0.18 0.09 11.4 11.26
0.0 0.38 0.18 0.09 11.18 13.13
0.0 0.38 0.18 0.09 10.97 15.01
0.0 0.37 0.18 0.09 10.77 16.88
0.0 0.37 0.18 0.09 10.58 18.76
0.0 0.37 0.18 0.1 10.39 20.64
0.0 0.36 0.18 0.1 10.21 22.51
0.0 0.36 0.18 0.1 10.04 24.39
0.0 0.35 0.18 0.1 9.87 26.26
0.0 0.35 0.18 0.1 9.71 28.14
0.0 0.34 0.18 0.1 9.55 30.01
0.0 0.34 0.18 0.11 9.4 31.89
0.0 0.33 0.18 0.11 9.25 33.76
0.0 0.32 0.18 0.11 9.11 35.64
0.0 0.31 0.18 0.11 8.97 37.51
0.0 0.31 0.18 0.11 8.83 39.39
0.0 0.3 0.18 0.11 8.7 41.27
0.0 0.3 0.18 0.12 8.58 43.14
0.0 0.29 0.18 0.12 8.45 45.02
0.0 0.29 0.18 0.12 8.33 46.89
0.0 0.3 0.18 0.12 8.22 48.77
0.0 0.31 0.18 0.12 8.11 50.64
0.0 0.32 0.18 0.13 8.0 52.52
0.0 0.33 0.18 0.13 7.89 54.39
0.0 0.35 0.18 0.13 7.78 56.26
0.0 0.37 0.18 0.13 7.68 58.14
0.0 0.39 0.18 0.13 7.58 60.01
0.0 0.42 0.18 0.13 7.49 61.89
0.0 0.44 0.18 0.14 7.39 63.76
0.0 0.46 0.18 0.14 7.3 65.64
0.0 0.48 0.18 0.14 7.21 67.51
0.0 0.5 0.18 0.14 7.13 69.39
0.0 0.51 0.18 0.14 7.04 71.26
0.0 0.53 0.18 0.14 6.96 73.14
0.0 0.53 0.18 0.15 6.88 75.01
0.0 0.54 0.18 0.15 6.8 76.88
0.0 0.54 0.18 0.15 6.72 78.76
0.0 0.54 0.18 0.15 6.64 80.63
0.0 0.54 0.18 0.15 6.57 82.51
0.0 0.53 0.18 0.15 6.5 84.38
0.0 0.52 0.18 0.16 6.43 86.25
0.0 0.51 0.18 0.16 6.36 88.13
0.0 0.5 0.18 0.16 6.29 90.0
0.0 0.48 0.18 0.16 6.22 91.88
0.0 0.45 0.2 0.08 12.9 0.0
0.0 0.45 0.2 0.08 12.62 1.89
0.0 0.45 0.2 0.08 12.36 3.78
0.0 0.45 0.2 0.08 12.1 5.66
0.0 0.44 0.2 0.08 11.86 7.55
0.0 0.44 0.2 0.09 11.62 9.44
0.0 0.44 0.2 0.09 11.4 11.32
0.0 0.43 0.2 0.09 11.18 13.21
0.0 0.43 0.2 0.09 10.97 15.1
0.0 0.42 0.2 0.09 10.77 16.99
0.0 0.42 0.2 0.09 10.58 18.87
0.0 0.42 0.2 0.1 10.39 20.76
0.0 0.41 0.2 0.1 10.21 22.65
0.0 0.41 0.2 0.1 10.04 24.53
0.0 0.4 0.2 0.1 9.87 26.42
0.0 0.4 0.2 0.1 9.71 28.31
0.0 0.39 0.2 0.1 9.55 30.2
0.0 0.39 0.2 0.11 9.4 32.08
0.0 0.38 0.2 0.11 9.25 33.97
0.0 0.38 0.2 0.11 9.11 35.86
0.0 0.37 0.2 0.11 8.97 37.74
0.0 0.36 0.2 0.11 8.83 39.63
0.0 0.36 0.2 0.11 8.7 41.52
0.0 0.35 0.2 0.12 8.58 43.4
0.0 0.35 0.2 0.12 8.45 45.29
0.0 0.35 0.2 0.12 8.33 47.17
0.0 0.35 0.2 0.12 8.22 49.06
0.0 0.36 0.2 0.12 8.11 50.95
0.0 0.37 0.2 0.13 8.0 52.83
0.0 0.39 0.2 0.13 7.89 54.72
0.0 0.4 0.2 0.13 7.78 56.61
0.0 0.42 0.2 0.13 7.68 58.49
0.0 0.45 0.2 0.13 7.58 60.38
0.0 0.47 0.2 0.13 7.49 62.26
0.0 0.49 0.2 0.14 7.39 64.15
0.0 0.51 0.2 0.14 7.3 66.04
0.0 0.53 0.2 0.14 7.21 67.92
0.0 0.54 0.2 0.14 7.13 69.81
0.0 0.56 0.2 0.14 7.04 71.69
0.0 0.57 0.2 0.14 6.96 73.58
0.0 0.57 0.2 0.15 6.88 75.46
0.0 0.58 0.2 0.15 6.8 77.35
0.0 0.58 0.2 0.15 6.72 79.24
0.0 0.58 0.2 0.15 6.64 81.12
0.0 0.57 0.2 0.15 6.57 83.01
0.0 0.56 0.2 0.15 6.5 84.89
0.0 0.55 0.2 0.16 6.43 86.78
0.0 0.54 0.2 0.16 6.36 88.66
0.0 0.53 0.2 0.16 6.29 90.55
0.0 0.51 0.2 0.16 6.22 92.43
0.0 0.5 0.22 0.08 12.9 0.0
0.0 0.5 0.22 0.08 12.62 1.9
0.0 0.49 0.22 0.08 12.36 3.8
0.0 0.49 0.22 0.08 12.1 5.7
0.0 0.49 0.22 0.08 11.86 7.59
0.0 0.48 0.22 0.09 11.62 9.49
0.0 0.48 0.22 0.09 11.4 11.39
0.0 0.48 0.22 0.09 11.18 13.29
0.0 0.47 0.22 0.09 10.97 15.19
0.0 0.47 0.22 0.09 10.77 17.09
0.0 0.46 0.22 0.09 10.58 18.99
0.0 0.46 0.22 0.1 10.39 20.88
0.0 0.46 0.22 0.1 10.21 22.78
0.0 0.46 0.22 0.1 10.04 24.68
0.0 0.45 0.22 0.1 9.87 26.58
0.0 0.45 0.22 0.1 9.71 28.48
0.0 0.44 0.22 0.1 9.55 30.37
0.0 0.44 0.22 0.11 9.4 32.27
0.0 0.43 0.22 0.11 9.25 34.17
0.0 0.43 0.22 0.11 9.11 36.07
0.0 0.42 0.22 0.11 8.97 37.97
0.0 0.41 0.22 0.11 8.83 39.86
0.0 0.41 0.22 0.11 8.7 41.76
0.0 0.4 0.22 0.12 8.58 43.66
0.0 0.4 0.22 0.12 8.45 45.56
0.0 0.4 0.22 0.12 8.33 47.46
0.0 0.41 0.22 0.12 8.22 49.35
0.0 0.41 0.22 0.12 8.11 51.25
0.0 0.42 0.22 0.13 8.0 53.15
0.0 0.44 0.22 0.13 7.89 55.05
0.0 0.45 0.22 0.13 7.78 56.94
0.0 0.47 0.22 0.13 7.68 58.84
0.0 0.49 0.22 0.13 7.58 60.74
0.0 0.51 0.22 0.13 7.49 62.63
0.0 0.53 0.22 0.14 7.39 64.53
0.0 0.55 0.22 0.14 7.3 66.43
0.0 0.57 0.22 0.14 7.21 68.33
0.0 0.58 0.22 0.14 7.13 70.22
0.0 0.6 0.22 0.14 7.04 72.12
0.0 0.6 0.22 0.14 6.96 74.02
0.0 0.61 0.22 0.15 6.88 75.91
0.0 0.61 0.22 0.15 6.8 77.81
0.0 0.61 0.22 0.15 6.72 79.71
0.0 0.61 0.22 0.15 6.64 81.6
0.0 0.6 0.22 0.15 6.57 83.5
0.0 0.59 0.22 0.15 6.5 85.4
0.0 0.58 0.22 0.16 6.43 87.29
0.0 0.56 0.22 0.16 6.36 89.19
0.0 0.55 0.22 0.16 6.29 91.09
0.0 0.53 0.22 0.16 6.22 92.98
0.0 0.54 0.24 0.08 12.9 0.0
0.0 0.54 0.24 0.08 12.62 1.91
0.0 0.53 0.24 0.08 12.36 3.82
0.0 0.53 0.24 0.08 12.1 5.73
0.0 0.53 0.24 0.08 11.86 7.64
0.0 0.52 0.24 0.09 11.62 9.55
0.0 0.52 0.24 0.09 11.4 11.46
0.0 0.52 0.24 0.09 11.18 13.37
0.0 0.51 0.24 0.09 10.97 15.28
0.0 0.51 0.24 0.09 10.77 17.19
0.0 0.51 0.24 0.09 10.58 19.1
0.0 0.5 0.24 0.1 10.39 21.01
0.0 0.5 0.24 0.1 10.21 22.92
0.0 0.5 0.24 0.1 10.04 24.82
0.0 0.5 0.24 0.1 9.87 26.73
0.0 0.49 0.24 0.1 9.71 28.64
0.0 0.49 0.24 0.1 9.55 30.55
0.0 0.48 0.24 0.11 9.4 32.46
0.0 0.48 0.24 0.11 9.25 34.37
0.0 0.47 0.24 0.11 9.11 36.28
0.0 0.47 0.24 0.11 8.97 38.19
0.0 0.46 0.24 0.11 8.83 40.1
0.0 0.46 0.24 0.11 8.7 42.01
0.0 0.45 0.24 0.12 8.58 43.92
0.0 0.45 0.24 0.12 8.45 45.82
0.0 0.45 0.24 0.12 8.33 47.73
0.0 0.45 0.24 0.12 8.22 49.64
0.0 0.46 0.24 0.12 8.11 51.55
0.0 0.47 0.24 0.13 8.0 53.46
0.0 0.48 0.24 0.13 7.89 55.37
0.0 0.5 0.24 0.13 7.78 57.28
0.1 0.52 0.24 0.13 7.68 59.18
0.1 0.54 0.24 0.13 7.58 61.09
0.1 0.56 0.24 0.13 7.49 63.0
0.1 0.58 0.24 0.14 7.39 64.91
0.2 0.59 0.24 0.14 7.3 66.82
0.2 0.61 0.24 0.14 7.21 68.73
0.2 0.62 0.24 0.14 7.13 70.63
0.2 0.63 0.24 0.14 7.04 72.54
0.2 0.64 0.24 0.14 6.96 74.45
0.1 0.64 0.24 0.15 6.88 76.36
0.1 0.64 0.24 0.15 6.8 78.27
0.0 0.64 0.24 0.15 6.72 80.17
0.0 0.63 0.24 0.15 6.64 82.08
0.0 0.62 0.24 0.15 6.57 83.99
0.0 0.61 0.24 0.15 6.5 85.9
0.0 0.6 0.24 0.16 6.43 87.8
0.0 0.59 0.24 0.16 6.36 89.71
0.0 0.57 0.24 0.16 6.29 91.62
0.0 0.55 0.24 0.16 6.22 93.53
0.0 0.57 0.27 0.08 12.9 0.0
0.0 0.57 0.27 0.08 12.62 1.92
0.0 0.57 0.27 0.08 12.36 3.84
0.0 0.57 0.27 0.08 12.1 5.76
0.0 0.56 0.27 0.08 11.86 7.68
0.0 0.56 0.27 0.09 11.62 9.6
0.0 0.56 0.27 0.09 11.4 11.52
0.0 0.55 0.27 0.09 11.18 13.45
0.0 0.55 0.27 0.09 10.97 15.37
0.0 0.55 0.27 0.09 10.77 17.29
0.0 0.55 0.27 0.09 10.58 19.21
0.0 0.54 0.27 0.1 10.39 21.13
0.0 0.54 0.27 0.1 10.21 23.05
0.0 0.54 0.27 0.1 10.04 24.97
0.0 0.54 0.27 0.1 9.87 26.89
0.0 0.53 0.27 0.1 9.71 28.81
0.0 0.53 0.27 0.1 9.55 30.73
0.1 0.53 0.27 0.11 9.4 32.65
0.1 0.52 0.27 0.11 9.25 34.57
0.1 0.52 0.27 0.11 9.11 36.49
0.1 0.51 0.27 0.11 8.97 38.41
0.1 0.51 0.27 0.11 8.83 40.33
0.2 0.5 0.27 0.11 8.7 42.25
0.2 0.5 0.27 0.12 8.58 44.17
0.2 0.5 0.27 0.12 8.45 46.09
0.3 0.5 0.27 0.12 8.33 48.01
0.3 0.5 0.27 0.12 8.22 49.93
0.2 0.51 0.27 0.12 8.11 51.85
0.3 0.51 0.27 0.13 8.0 53.77
0.3 0.53 0.27 0.13 7.89 55.69
0.3 0.54 0.27 0.13 7.78 57.6
0.3 0.56 0.27 0.13 7.68 59.52
0.3 0.58 0.27 0.13 7.58 61.44
0.3 0.6 0.27 0.13 7.49 63.36
0.3 0.61 0.27 0.14 7.39 65.28
0.3 0.63 0.27 0.14 7.3 67.2
0.3 0.64 0.27 0.14 7.21 69.12
0.3 0.65 0.27 0.14 7.13 71.04
0.3 0.66 0.27 0.14 7.04 72.96
0.3 0.66 0.27 0.14 6.96 74.88
0.3 0.67 0.27 0.15 6.88 76.8
0.3 0.67 0.27 0.15 6.8 78.71
0.2 0.66 0.27 0.15 6.72 80.63
0.1 0.65 0.27 0.15 6.64 82.55
0.0 0.65 0.27 0.15 6.57 84.47
0.0 0.63 0.27 0.15 6.5 86.39
0.0 0.62 0.27 0.16 6.43 88.31
0.0 0.6 0.27 0.16 6.36 90.23
0.0 0.58 0.27 0.16 6.29 92.15
0.0 0.56 0.27 0.16 6.22 94.06
0.0 0.6 0.29 0.08 12.9 0.0
0.0 0.6 0.29 0.08 12.62 1.93
0.0 0.6 0.29 0.08 12.36 3.86
0.0 0.6 0.29 0.08 12.1 5.8
0.0 0.6 0.29 0.08 11.86 7.73
0.1 0.59 0.29 0.09 11.62 9.66
0.1 0.59 0.29 0.09 11.4 11.59
0.1 0.59 0.29 0.09 11.18 13.52
0.1 0.58 0.29 0.09 10.97 15.45
0.1 0.58 0.29 0.09 10.77 17.38
0.1 0.58 0.29 0.09 10.58 19.31
0.1 0.58 0.29 0.1 10.39 21.25
0.2 0.58 0.29 0.1 10.21 23.18
0.2 0.57 0.29 0.1 10.04 25.11
0.2 0.57 0.29 0.1 9.87 27.04
0.2 0.57 0.29 0.1 9.71 28.97
0.2 0.57 0.29 0.1 9.55 30.9
0.2 0.56 0.29 0.11 9.4 32.83
0.2 0.56 0.29 0.11 9.25 34.76
0.2 0.55 0.29 0.11 9.11 36.69
0.2 0.55 0.29 0.11 8.97 38.62
0.2 0.55 0.29 0.11 8.83 40.56
0.4 0.54 0.29 0.11 8.7 42.49
0.4 0.54 0.29 0.12 8.58 44.42
0.4 0.54 0.29 0.12 8.45 46.35
0.5 0.54 0.29 0.12 8.33 48.28
0.5 0.54 0.29 0.12 8.22 50.21
0.6 0.55 0.29 0.12 8.11 52.14
0.6 0.56 0.29 0.13 8.0 54.07
0.6 0.57 0.29 0.13 7.89 56.0
0.7 0.58 0.29 0.13 7.78 57.93
0.7 0.6 0.29 0.13 7.68 59.86
0.5 0.61 0.29 0.13 7.58 61.79
0.5 0.63 0.29 0.13 7.49 63.72
0.4 0.64 0.29 0.14 7.39 65.65
0.4 0.66 0.29 0.14 7.3 67.58
0.4 0.67 0.29 0.14 7.21 69.51
0.4 0.68 0.29 0.14 7.13 71.44
0.4 0.69 0.29 0.14 7.04 73.37
0.4 0.69 0.29 0.14 6.96 75.3
0.3 0.69 0.29 0.15 6.88 77.23
0.3 0.69 0.29 0.15 6.8 79.16
0.3 0.68 0.29 0.15 6.72 81.09
0.3 0.67 0.29 0.15 6.64 83.02
0.2 0.66 0.29 0.15 6.57 84.95
0.0 0.65 0.29 0.15 6.5 86.88
0.0 0.64 0.29 0.16 6.43 88.81
0.0 0.62 0.29 0.16 6.36 90.74
0.0 0.6 0.29 0.16 6.29 92.67
0.0 0.58 0.29 0.16 6.22 94.6
0.1 0.63 0.31 0.08 12.9 0.0
0.2 0.63 0.31 0.08 12.62 1.94
0.2 0.63 0.31 0.08 12.36 3.88
0.2 0.63 0.31 0.08 12.1 5.83
0.2 0.63 0.31 0.08 11.86 7.77
0.2 0.62 0.31 0.09 11.62 9.71
0.3 0.62 0.31 0.09 11.4 11.65
0.3 0.62 0.31 0.09 11.18 13.6
0.3 0.62 0.31 0.09 10.97 15.54
0.3 0.61 0.31 0.09 10.77 17.48
0.3 0.61 0.31 0.09 10.58 19.42
0.3 0.61 0.31 0.1 10.39 21.36
0.3 0.61 0.31 0.1 10.21 23.31
0.3 0.61 0.31 0.1 10.04 25.25
0.3 0.6 0.31 0.1 9.87 27.19
0.3 0.6 0.31 0.1 9.71 29.13
0.3 0.6 0.31 0.1 9.55 31.07
0.5 0.6 0.31 0.11 9.4 33.01
0.5 0.59 0.31 0.11 9.25 34.96
0.6 0.59 0.31 0.11 9.11 36.9
0.6 0.59 0.31 0.11 8.97 38.84
0.7 0.58 0.31 0.11 8.83 40.78
0.7 0.58 0.31 0.11 8.7 42.72
0.8 0.58 0.31 0.12 8.58 44.66
0.8 0.57 0.31 0.12 8.45 46.6
0.8 0.57 0.31 0.12 8.33 48.55
0.7 0.58 0.31 0.12 8.22 50.49
0.7 0.58 0.31 0.12 8.11 52.43
0.8 0.59 0.31 0.13 8.0 54.37
0.8 0.6 0.31 0.13 7.89 56.31
0.8 0.62 0.31 0.13 7.78 58.25
0.8 0.63 0.31 0.13 7.68 60.19
0.8 0.65 0.31 0.13 7.58 62.13
0.9 0.66 0.31 0.13 7.49 64.07
0.8 0.67 0.31 0.14 7.39 66.02
0.8 0.69 0.31 0.14 7.3 67.96
0.7 0.7 0.31 0.14 7.21 69.9
0.6 0.7 0.31 0.14 7.13 71.84
0.4 0.71 0.31 0.14 7.04 73.78
0.5 0.71 0.31 0.14 6.96 75.72
0.5 0.71 0.31 0.15 6.88 77.66
0.5 0.71 0.31 0.15 6.8 79.6
0.4 0.7 0.31 0.15 6.72 81.54
0.4 0.69 0.31 0.15 6.64 83.48
0.3 0.68 0.31 0.15 6.57 85.42
0.2 0.67 0.31 0.15 6.5 87.36
0.0 0.65 0.31 0.16 6.43 89.3
0.0 0.63 0.31 0.16 6.36 91.24
0.0 0.61 0.31 0.16 6.29 93.18
0.0 0.59 0.31 0.16 6.22 95.12
0.2 0.66 0.33 0.08 12.9 0.0
0.2 0.66 0.33 0.08 12.62 1.95
0.3 0.66 0.33 0.08 12.36 3.91
0.3 0.66 0.33 0.08 12.1 5.86
0.3 0.65 0.33 0.08 11.86 7.81
0.3 0.65 0.33 0.09 11.62 9.76
0.3 0.65 0.33 0.09 11.4 11.72
0.3 0.65 0.33 0.09 11.18 13.67
0.3 0.64 0.33 0.09 10.97 15.62
0.3 0.64 0.33 0.09 10.77 17.58
0.4 0.64 0.33 0.09 10.58 19.53
0.4 0.64 0.33 0.1 10.39 21.48
0.4 0.64 0.33 0.1 10.21 23.43
0.5 0.64 0.33 0.1 10.04 25.39
0.6 0.63 0.33 0.1 9.87 27.34
0.6 0.63 0.33 0.1 9.71 29.29
0.7 0.63 0.33 0.1 9.55 31.24
0.7 0.63 0.33 0.11 9.4 33.2
0.7 0.62 0.33 0.11 9.25 35.15
0.7 0.62 0.33 0.11 9.11 37.1
0.7 0.62 0.33 0.11 8.97 39.05
0.8 0.61 0.33 0.11 8.83 41.0
0.8 0.61 0.33 0.11 8.7 42.96
0.8 0.61 0.33 0.12 8.58 44.91
0.8 0.61 0.33 0.12 8.45 46.86
0.8 0.61 0.33 0.12 8.33 48.81
0.8 0.61 0.33 0.12 8.22 50.76
0.9 0.62 0.33 0.12 8.11 52.72
0.9 0.62 0.33 0.13 8.0 54.67
0.9 0.63 0.33 0.13 7.89 56.62
0.9 0.65 0.33 0.13 7.78 58.57
1.0 0.66 0.33 0.13 7.68 60.52
1.0 0.67 0.33 0.13 7.58 62.47
1.0 0.69 0.33 0.13 7.49 64.42
1.0 0.7 0.33 0.14 7.39 66.38
1.0 0.71 0.33 0.14 7.3 68.33
1.0 0.72 0.33 0.14 7.21 70.28
1.0 0.73 0.33 0.14 7.13 72.23
0.9 0.73 0.33 0.14 7.04 74.18
0.8 0.73 0.33 0.14 6.96 76.13
0.5 0.73 0.33 0.15 6.88 78.08
0.5 0.72 0.33 0.15 6.8 80.03
0.5 0.72 0.33 0.15 6.72 81.99
0.4 0.71 0.33 0.15 6.64 83.94
0.4 0.7 0.33 0.15 6.57 85.89
0.3 0.68 0.33 0.15 6.5 87.84
0.2 0.66 0.33 0.16 6.43 89.79
0.0 0.64 0.33 0.16 6.36 91.74
0.0 0.62 0.33 0.16 6.29 93.69
0.0 0.6 0.33 0.16 6.22 95.64
0.5 0.68 0.35 0.08 12.9 0.0
0.5 0.68 0.35 0.08 12.62 1.96
0.5 0.68 0.35 0.08 12.36 3.93
0.5 0.68 0.35 0.08 12.1 5.89
0.6 0.68 0.35 0.08 11.86 7.85
0.7 0.67 0.35 0.09 11.62 9.82
0.7 0.67 0.35 0.09 11.4 11.78
0.7 0.67 0.35 0.09 11.18 13.74
0.7 0.67 0.35 0.09 10.97 15.71
0.7 0.67 0.35 0.09 10.77 17.67
0.7 0.66 0.35 0.09 10.58 19.63
0.8 0.66 0.35 0.1 10.39 21.6
0.8 0.66 0.35 0.1 10.21 23.56
0.8 0.66 0.35 0.1 10.04 25.52
0.8 0.66 0.35 0.1 9.87 27.49
0.7 0.66 0.35 0.1 9.71 29.45
0.7 0.66 0.35 0.1 9.55 31.41
0.7 0.66 0.35 0.11 9.4 33.37
0.8 0.65 0.35 0.11 9.25 35.34
0.8 0.65 0.35 0.11 9.11 37.3
0.8 0.65 0.35 0.11 8.97 39.26
0.8 0.64 0.35 0.11 8.83 41.22
0.8 0.64 0.35 0.11 8.7 43.19
0.8 0.64 0.35 0.12 8.58 45.15
0.8 0.64 0.35 0.12 8.45 47.11
0.9 0.64 0.35 0.12 8.33 49.07
0.9 0.64 0.35 0.12 8.22 51.04
0.9 0.65 0.35 0.12 8.11 53.0
0.9 0.65 0.35 0.13 8.0 54.96
1.0 0.66 0.35 0.13 7.89 56.92
1.0 0.67 0.35 0.13 7.78 58.88
1.0 0.69 0.35 0.13 7.68 60.85
1.0 0.7 0.35 0.13 7.58 62.81
1.0 0.71 0.35 0.13 7.49 64.77
1.0 0.72 0.35 0.14 7.39 66.73
1.0 0.73 0.35 0.14 7.3 68.69
1.0 0.74 0.35 0.14 7.21 70.66
1.0 0.75 0.35 0.14 7.13 72.62
1.0 0.75 0.35 0.14 7.04 74.58
1.0 0.75 0.35 0.14 6.96 76.54
1.0 0.75 0.35 0.15 6.88 78.5
0.7 0.74 0.35 0.15 6.8 80.46
0.6 0.73 0.35 0.15 6.72 82.43
0.6 0.72 0.35 0.15 6.64 84.39
0.4 0.71 0.35 0.15 6.57 86.35
0.4 0.69 0.35 0.15 6.5 88.31
0.2 0.68 0.35 0.16 6.43 90.27
0.0 0.66 0.35 0.16 6.36 92.23
0.0 0.63 0.35 0.16 6.29 94.19
0.0 0.61 0.35 0.16 6.22 96.15
0.6 0.7 0.37 0.08 12.9 0.0
0.7 0.7 0.37 0.08 12.62 1.97
0.7 0.7 0.37 0.08 12.36 3.95
0.7 0.7 0.37 0.08 12.1 5.92
0.7 0.7 0.37 0.08 11.86 7.9
0.7 0.7 0.37 0.09 11.62 9.87
0.8 0.69 0.37 0.09 11.4 11.84
0.8 0.69 0.37 0.09 11.18 13.82
0.8 0.69 0.37 0.09 10.97 15.79
0.8 0.69 0.37 0.09 10.77 17.76
0.8 0.69 0.37 0.09 10.58 19.74
0.8 0.69 0.37 0.1 10.39 21.71
0.8 0.69 0.37 0.1 10.21 23.68
0.8 0.68 0.37 0.1 10.04 25.66
0.8 0.68 0.37 0.1 9.87 27.63
0.9 0.68 0.37 0.1 9.71 29.6
0.9 0.68 0.37 0.1 9.55 31.58
0.9 0.68 0.37 0.11 9.4 33.55
0.9 0.68 0.37 0.11 9.25 35.52
0.9 0.68 0.37 0.11 9.11 37.5
0.9 0.67 0.37 0.11 8.97 39.47
0.9 0.67 0.37 0.11 8.83 41.44
1.0 0.67 0.37 0.11 8.7 43.42
1.0 0.67 0.37 0.12 8.58 45.39
1.0 0.67 0.37 0.12 8.45 47.36
1.0 0.67 0.37 0.12 8.33 49.33
1.0 0.67 0.37 0.12 8.22 51.31
1.0 0.67 0.37 0.12 8.11 53.28
1.0 0.68 0.37 0.13 8.0 55.25
1.0 0.69 0.37 0.13 7.89 57.22
1.0 0.7 0.37 0.13 7.78 59.2
1.0 0.71 0.37 0.13 7.68 61.17
1.0 0.72 0.37 0.13 7.58 63.14
1.0 0.73 0.37 0.13 7.49 65.11
1.0 0.74 0.37 0.14 7.39 67.09
1.0 0.75 0.37 0.14 7.3 69.06
1.0 0.76 0.37 0.14 7.21 71.03
1.0 0.76 0.37 0.14 7.13 73.0
1.0 0.77 0.37 0.14 7.04 74.97
1.0 0.76 0.37 0.14 6.96 76.95
1.0 0.76 0.37 0.15 6.88 78.92
1.0 0.75 0.37 0.15 6.8 80.89
0.9 0.75 0.37 0.15 6.72 82.86
0.6 0.73 0.37 0.15 6.64 84.83
0.6 0.72 0.37 0.15 6.57 86.81
0.4 0.7 0.37 0.15 6.5 88.78
0.4 0.69 0.37 0.16 6.43 90.75
0.2 0.66 0.37 0.16 6.36 92.72
0.0 0.64 0.37 0.16 6.29 94.69
0.0 0.62 0.37 0.16 6.22 96.66
0.8 0.72 0.39 0.08 12.9 0.0
0.7 0.72 0.39 0.08 12.62 1.98
0.7 0.72 0.39 0.08 12.36 3.97
0.8 0.72 0.39 0.08 12.1 5.95
0.8 0.72 0.39 0.08 11.86 7.94
0.8 0.72 0.39 0.09 11.62 9.92
0.8 0.71 0.39 0.09 11.4 11.9
0.8 0.71 0.39 0.09 11.18 13.89
0.8 0.71 0.39 0.09 10.97 15.87
0.9 0.71 0.39 0.09 10.77 17.86
0.9 0.71 0.39 0.09 10.58 19.84
0.9 0.71 0.39 0.1 10.39 21.82
0.9 0.71 0.39 0.1 10.21 23.81
0.9 0.71 0.39 0.1 10.04 25.79
0.9 0.71 0.39 0.1 9.87 27.77
0.9 0.7 0.39 0.1 9.71 29.76
1.0 0.7 0.39 0.1 9.55 31.74
1.0 0.7 0.39 0.11 9.4 33.72
1.0 0.7 0.39 0.11 9.25 35.71
1.0 0.7 0.39 0.11 9.11 37.69
1.0 0.7 0.39 0.11 8.97 39.67
1.0 0.69 0.39 0.11 8.83 41.66
1.0 0.69 0.39 0.11 8.7 43.64
1.0 0.69 0.39 0.12 8.58 45.62
1.0 0.69 0.39 0.12 8.45 47.61
1.0 0.69 0.39 0.12 8.33 49.59
1.0 0.69 0.39 0.12 8.22 51.57
1.0 0.7 0.39 0.12 8.11 53.56
1.0 0.7 0.39 0.13 8.0 55.54
1.0 0.71 0.39 0.13 7.89 57.52
1.0 0.72 0.39 0.13 7.78 59.5
1.0 0.73 0.39 0.13 7.68 61.49
1.0 0.74 0.39 0.13 7.58 63.47
1.0 0.75 0.39 0.13 7.49 65.45
1.0 0.76 0.39 0.14 7.39 67.44
1.0 0.77 0.39 0.14 7.3 69.42
1.0 0.78 0.39 0.14 7.21 71.4
1.0 0.78 0.39 0.14 7.13 73.38
1.0 0.78 0.39 0.14 7.04 75.36
1.0 0.78 0.39 0.14 6.96 77.35
1.0 0.77 0.39 0.15 6.88 79.33
1.0 0.77 0.39 0.15 6.8 81.31
1.0 0.76 0.39 0.15 6.72 83.29
0.9 0.74 0.39 0.15 6.64 85.28
0.7 0.73 0.39 0.15 6.57 87.26
0.6 0.71 0.39 0.15 6.5 89.24
0.4 0.69 0.39 0.16 6.43 91.22
0.3 0.67 0.39 0.16 6.36 93.2
0.0 0.65 0.39 0.16 6.29 95.19
0.0 0.63 0.39 0.16 6.22 97.17
0.8 0.74 0.41 0.08 12.9 0.0
0.9 0.74 0.41 0.08 12.62 1.99
0.9 0.74 0.41 0.08 12.36 3.99
0.9 0.74 0.41 0.08 12.1 5.98
0.9 0.73 0.41 0.08 11.86 7.98
0.9 0.73 0.41 0.09 11.62 9.97
1.0 0.73 0.41 0.09 11.4 11.97
1.0 0.73 0.41 0.09 11.18 13.96
1.0 0.73 0.41 0.09 10.97 15.95
1.0 0.73 0.41 0.09 10.77 17.95
1.0 0.73 0.41 0.09 10.58 19.94
1.0 0.73 0.41 0.1 10.39 21.94
1.0 0.73 0.41 0.1 10.21 23.93
1.0 0.72 0.41 0.1 10.04 25.92
1.0 0.72 0.41 0.1 9.87 27.92
1.0 0.72 0.41 0.1 9.71 29.91
1.0 0.72 0.41 0.1 9.55 31.9
1.0 0.72 0.41 0.11 9.4 33.9
1.0 0.72 0.41 0.11 9.25 35.89
1.0 0.72 0.41 0.11 9.11 37.88
1.0 0.72 0.41 0.11 8.97 39.88
1.0 0.72 0.41 0.11 8.83 41.87
1.0 0.71 0.41 0.11 8.7 43.86
1.0 0.71 0.41 0.12 8.58 45.86
1.0 0.71 0.41 0.12 8.45 47.85
1.0 0.71 0.41 0.12 8.33 49.84
1.0 0.72 0.41 0.12 8.22 51.84
1.0 0.72 0.41 0.12 8.11 53.83
1.0 0.73 0.41 0.13 8.0 55.82
1.0 0.73 0.41 0.13 7.89 57.82
1.0 0.74 0.41 0.13 7.78 59.81
1.0 0.75 0.41 0.13 7.68 61.8
1.0 0.76 0.41 0.13 7.58 63.8
1.0 0.77 0.41 0.13 7.49 65.79
1.0 0.78 0.41 0.14 7.39 67.78
1.0 0.79 0.41 0.14 7.3 69.77
1.0 0.79 0.41 0.14 7.21 71.77
1.0 0.79 0.41 0.14 7.13 73.76
1.0 0.79 0.41 0.14 7.04 75.75
1.0 0.79 0.41 0.14 6.96 77.74
1.0 0.78 0.41 0.15 6.88 79.74
1.0 0.78 0.41 0.15 6.8 81.73
1.0 0.77 0.41 0.15 6.72 83.72
1.0 0.75 0.41 0.15 6.64 85.71
0.8 0.74 0.41 0.15 6.57 87.7
0.7 0.72 0.41 0.15 6.5 89.7
0.5 0.7 0.41 0.16 6.43 91.69
0.4 0.68 0.41 0.16 6.36 93.68
0.0 0.66 0.41 0.16 6.29 95.67
0.0 0.63 0.41 0.16 6.22 97.67
0.9 0.75 0.43 0.08 12.9 0.0
0.9 0.75 0.43 0.08 12.62 2.0
1.0 0.75 0.43 0.08 12.36 4.01
1.0 0.75 0.43 0.08 12.1 6.01
1.0 0.75 0.43 0.08 11.86 8.02
1.0 0.75 0.43 0.09 11.62 10.02
1.0 0.75 0.43 0.09 11.4 12.03
1.0 0.75 0.43 0.09 11.18 14.03
1.0 0.74 0.43 0.09 10.97 16.03
1.0 0.74 0.43 0.09 10.77 18.04
1.0 0.74 0.43 0.09 10.58 20.04
1.0 0.74 0.43 0.1 10.39 22.05
1.0 0.74 0.43 0.1 10.21 24.05
1.0 0.74 0.43 0.1 10.04 26.05
1.0 0.74 0.43 0.1 9.87 28.06
1.0 0.74 0.43 0.1 9.71 30.06
1.0 0.74 0.43 0.1 9.55 32.07
1.0 0.74 0.43 0.11 9.4 34.07
1.0 0.74 0.43 0.11 9.25 36.07
1.0 0.74 0.43 0.11 9.11 38.08
1.0 0.74 0.43 0.11 8.97 40.08
1.0 0.73 0.43 0.11 8.83 42.08
1.0 0.73 0.43 0.11 8.7 44.09
1.0 0.73 0.43 0.12 8.58 46.09
1.0 0.73 0.43 0.12 8.45 48.09
1.0 0.73 0.43 0.12 8.33 50.1
1.0 0.74 0.43 0.12 8.22 52.1
1.0 0.74 0.43 0.12 8.11 54.1
1.0 0.75 0.43 0.13 8.0 56.11
1.0 0.75 0.43 0.13 7.89 58.11
1.0 0.76 0.43 0.13 7.78 60.11
1.0 0.77 0.43 0.13 7.68 62.11
1.0 0.78 0.43 0.13 7.58 64.12
1.0 0.79 0.43 0.13 7.49 66.12
1.0 0.79 0.43 0.14 7.39 68.12
1.0 0.8 0.43 0.14 7.3 70.13
1.0 0.8 0.43 0.14 7.21 72.13
1.0 0.81 0.43 0.14 7.13 74.13
1.0 0.8 0.43 0.14 7.04 76.13
1.0 0.8 0.43 0.14 6.96 78.14
1.0 0.8 0.43 0.15 6.88 80.14
1.0 0.79 0.43 0.15 6.8 82.14
1.0 0.78 0.43 0.15 6.72 84.14
1.0 0.76 0.43 0.15 6.64 86.15
1.0 0.75 0.43 0.15 6.57 88.15
0.8 0.73 0.43 0.15 6.5 90.15
0.6 0.71 0.43 0.16 6.43 92.15
0.5 0.69 0.43 0.16 6.36 94.15
0.2 0.66 0.43 0.16 6.29 96.16
0.0 0.64 0.43 0.16 6.22 98.16
1.0 0.77 0.45 0.08 12.9 0.0
1.0 0.77 0.45 0.08 12.62 2.01
1.0 0.77 0.45 0.08 12.36 4.03
1.0 0.77 0.45 0.08 12.1 6.04
1.0 0.76 0.45 0.08 11.86 8.06
1.0 0.76 0.45 0.09 11.62 10.07
1.0 0.76 0.45 0.09 11.4 12.09
1.0 0.76 0.45 0.09 11.18 14.1
1.0 0.76 0.45 0.09 10.97 16.11
1.0 0.76 0.45 0.09 10.77 18.13
1.0 0.76 0.45 0.09 10.58 20.14
1.0 0.76 0.45 0.1 10.39 22.16
1.0 0.76 0.45 0.1 10.21 24.17
1.0 0.76 0.45 0.1 10.04 26.18
1.0 0.76 0.45 0.1 9.87 28.2
1.0 0.76 0.45 0.1 9.71 30.21
1.0 0.76 0.45 0.1 9.55 32.22
1.0 0.76 0.45 0.11 9.4 34.24
1.0 0.76 0.45 0.11 9.25 36.25
1.0 0.75 0.45 0.11 9.11 38.27
1.0 0.75 0.45 0.11 8.97 40.28
1.0 0.75 0.45 0.11 8.83 42.29
1.0 0.75 0.45 0.11 8.7 44.31
1.0 0.75 0.45 0.12 8.58 46.32
1.0 0.75 0.45 0.12 8.45 48.33
1.0 0.75 0.45 0.12 8.33 50.35
1.0 0.75 0.45 0.12 8.22 52.36
1.0 0.76 0.45 0.12 8.11 54.37
1.0 0.76 0.45 0.13 8.0 56.38
1.0 0.77 0.45 0.13 7.89 58.4
1.0 0.78 0.45 0.13 7.78 60.41
1.0 0.79 0.45 0.13 7.68 62.42
1.0 0.79 0.45 0.13 7.58 64.44
1.0 0.8 0.45 0.13 7.49 66.45
1.0 0.81 0.45 0.14 7.39 68.46
1.0 0.81 0.45 0.14 7.3 70.47
1.0 0.82 0.45 0.14 7.21 72.49
1.0 0.82 0.45 0.14 7.13 74.5
1.0 0.82 0.45 0.14 7.04 76.51
1.0 0.81 0.45 0.14 6.96 78.52
1.0 0.8 0.45 0.15 6.88 80.54
1.0 0.8 0.45 0.15 6.8 82.55
1.0 0.78 0.45 0.15 6.72 84.56
1.0 0.77 0.45 0.15 6.64 86.57
1.0 0.75 0.45 0.15 6.57 88.59
1.0 0.74 0.45 0.15 6.5 90.6
0.7 0.72 0.45 0.16 6.43 92.61
0.5 0.69 0.45 0.16 6.36 94.62
0.3 0.67 0.45 0.16 6.29 96.63
0.0 0.64 0.45 0.16 6.22 98.65
1.0 0.78 0.47 0.08 12.9 0.0
1.0 0.78 0.47 0.08 12.62 2.02
1.0 0.78 0.47 0.08 12.36 4.05
1.0 0.78 0.47 0.08 12.1 6.07
1.0 0.78 0.47 0.08 11.86 8.1
1.0 0.78 0.47 0.09 11.62 10.12
1.0 0.77 0.47 0.09 11.4 12.15
1.0 0.77 0.47 0.09 11.18 14.17
1.0 0.77 0.47 0.09 10.97 16.19
1.0 0.77 0.47 0.09 10.77 18.22
1.0 0.77 0.47 0.09 10.58 20.24
1.0 0.77 0.47 0.1 10.39 22.26
1.0 0.77 0.47 0.1 10.21 24.29
1.0 0.77 0.47 0.1 10.04 26.31
1.0 0.77 0.47 0.1 9.87 28.34
1.0 0.77 0.47 0.1 9.71 30.36
1.0 0.77 0.47 0.1 9.55 32.38
1.0 0.77 0.47 0.11 9.4 34.41
1.0 0.77 0.47 0.11 9.25 36.43
1.0 0.77 0.47 0.11 9.11 38.45
1.0 0.77 0.47 0.11 8.97 40.48
1.0 0.77 0.47 0.11 8.83 42.5
1.0 0.77 0.47 0.11 8.7 44.52
1.0 0.77 0.47 0.12 8.58 46.55
1.0 0.77 0.47 0.12 8.45 48.57
1.0 0.77 0.47 0.12 8.33 50.59
1.0 0.77 0.47 0.12 8.22 52.62
1.0 0.77 0.47 0.12 8.11 54.64
1.0 0.78 0.47 0.13 8.0 56.66
1.0 0.79 0.47 0.13 7.89 58.68
1.0 0.79 0.47 0.13 7.78 60.71
1.0 0.8 0.47 0.13 7.68 62.73
1.0 0.81 0.47 0.13 7.58 64.75
1.0 0.81 0.47 0.13 7.49 66.77
1.0 0.82 0.47 0.14 7.39 68.8
1.0 0.82 0.47 0.14 7.3 70.82
1.0 0.83 0.47 0.14 7.21 72.84
1.0 0.83 0.47 0.14 7.13 74.86
1.0 0.82 0.47 0.14 7.04 76.89
1.0 0.82 0.47 0.14 6.96 78.91
1.0 0.81 0.47 0.15 6.88 80.93
1.0 0.8 0.47 0.15 6.8 82.95
1.0 0.79 0.47 0.15 6.72 84.98
1.0 0.78 0.47 0.15 6.64 87.0
1.0 0.76 0.47 0.15 6.57 89.02
1.0 0.74 0.47 0.15 6.5 91.04
0.8 0.72 0.47 0.16 6.43 93.06
0.6 0.7 0.47 0.16 6.36 95.09
0.4 0.68 0.47 0.16 6.29 97.11
0.0 0.65 0.47 0.16 6.22 99.13
1.0 0.79 0.49 0.08 12.9 0.0
1.0 0.79 0.49 0.08 12.62 2.03
1.0 0.79 0.49 0.08 12.36 4.07
1.0 0.79 0.49 0.08 12.1 6.1
1.0 0.79 0.49 0.08 11.86 8.14
1.0 0.79 0.49 0.09 11.62 10.17
1.0 0.79 0.49 0.09 11.4 12.2
1.0 0.79 0.49 0.09 11.18 14.24
1.0 0.78 0.49 0.09 10.97 16.27
1.0 0.78 0.49 0.09 10.77 18.3
1.0 0.78 0.49 0.09 10.58 20.34
1.0 0.78 0.49 0.1 10.39 22.37
1.0 0.78 0.49 0.1 10.21 24.41
1.0 0.78 0.49 0.1 10.04 26.44
1.0 0.78 0.49 0.1 9.87 28.47
1.0 0.78 0.49 0.1 9.71 30.51
1.0 0.78 0.49 0.1 9.55 32.54
1.0 0.78 0.49 0.11 9.4 34.57
1.0 0.78 0.49 0.11 9.25 36.61
1.0 0.78 0.49 0.11 9.11 38.64
1.0 0.78 0.49 0.11 8.97 40.67
1.0 0.78 0.49 0.11 8.83 42.71
1.0 0.78 0.49 0.11 8.7 44.74
1.0 0.78 0.49 0.12 8.58 46.77
1.0 0.78 0.49 0.12 8.45 48.8
1.0 0.78 0.49 0.12 8.33 50.84
1.0 0.79 0.49 0.12 8.22 52.87
1.0 0.79 0.49 0.12 8.11 54.9
1.0 0.79 0.49 0.13 8.0 56.93
1.0 0.8 0.49 0.13 7.89 58.97
1.0 0.81 0.49 0.13 7.78 61.0
1.0 0.81 0.49 0.13 7.68 63.03
1.0 0.82 0.49 0.13 7.58 65.06
1.0 0.83 0.49 0.13 7.49 67.1
1.0 0.83 0.49 0.14 7.39 69.13
1.0 0.83 0.49 0.14 7.3 71.16
1.0 0.84 0.49 0.14 7.21 73.19
1.0 0.84 0.49 0.14 7.13 75.23
1.0 0.83 0.49 0.14 7.04 77.26
1.0 0.83 0.49 0.14 6.96 79.29
1.0 0.82 0.49 0.15 6.88 81.32
1.0 0.81 0.49 0.15 6.8 83.35
1.0 0.8 0.49 0.15 6.72 85.39
1.0 0.78 0.49 0.15 6.64 87.42
1.0 0.77 0.49 0.15 6.57 89.45
1.0 0.75 0.49 0.15 6.5 91.48
1.0 0.73 0.49 0.16 6.43 93.51
0.7 0.7 0.49 0.16 6.36 95.55
0.5 0.68 0.49 0.16 6.29 97.58
0.0 0.65 0.49 0.16 6.22 99.61
1.0 0.8 0.51 0.08 12.9 0.0
1.0 0.8 0.51 0.08 12.62 2.04
1.0 0.8 0.51 0.08 12.36 4.09
1.0 0.8 0.51 0.08 12.1 6.13
1.0 0.8 0.51 0.08 11.86 8.17
1.0 0.8 0.51 0.09 11.62 10.22
1.0 0.8 0.51 0.09 11.4 12.26
1.0 0.8 0.51 0.09 11.18 14.31
1.0 0.8 0.51 0.09 10.97 16.35
1.0 0.8 0.51 0.09 10.77 18.39
1.0 0.8 0.51 0.09 10.58 20.44
1.0 0.8 0.51 0.1 10.39 22.48
1.0 0.8 0.51 0.1 10.21 24.52
1.0 0.8 0.51 0.1 10.04 26.57
1.0 0.8 0.51 0.1 9.87 28.61
1.0 0.8 0.51 0.1 9.71 30.65
1.0 0.8 0.51 0.1 9.55 32.69
1.0 0.8 0.51 0.11 9.4 34.74
1.0 0.8 0.51 0.11 9.25 36.78
1.0 0.8 0.51 0.11 9.11 38.82
1.0 0.8 0.51 0.11 8.97 40.87
1.0 0.79 0.51 0.11 8.83 42.91
1.0 0.79 0.51 0.11 8.7 44.95
1.0 0.79 0.51 0.12 8.58 46.99
1.0 0.79 0.51 0.12 8.45 49.04
1.0 0.8 0.51 0.12 8.33 51.08
1.0 0.8 0.51 0.12 8.22 53.12
1.0 0.8 0.51 0.12 8.11 55.16
1.0 0.81 0.51 0.13 8.0 57.21
1.0 0.81 0.51 0.13 7.89 59.25
1.0 0.82 0.51 0.13 7.78 61.29
1.0 0.83 0.51 0.13 7.68 63.33
1.0 0.83 0.51 0.13 7.58 65.37
1.0 0.84 0.51 0.13 7.49 67.42
1.0 0.84 0.51 0.14 7.39 69.46
1.0 0.84 0.51 0.14 7.3 71.5
1.0 0.85 0.51 0.14 7.21 73.54
1.0 0.84 0.51 0.14 7.13 75.58
1.0 0.84 0.51 0.14 7.04 77.63
1.0 0.84 0.51 0.14 6.96 79.67
1.0 0.83 0.51 0.15 6.88 81.71
1.0 0.82 0.51 0.15 6.8 83.75
1.0 0.8 0.51 0.15 6.72 85.79
1.0 0.79 0.51 0.15 6.64 87.83
1.0 0.77 0.51 0.15 6.57 89.88
1.0 0.75 0.51 0.15 6.5 91.92
1.0 0.73 0.51 0.16 6.43 93.96
0.8 0.71 0.51 0.16 6.36 96.0
0.5 0.68 0.51 0.16 6.29 98.04
0.0 0.66 0.51 0.16 6.22 100.08
1.0 0.81 0.53 0.08 12.9 0.0
1.0 0.81 0.53 0.08 12.62 2.05
1.0 0.81 0.53 0.08 12.36 4.11
1.0 0.81 0.53 0.08 12.1 6.16
1.0 0.81 0.53 0.08 11.86 8.21
1.0 0.81 0.53 0.09 11.62 10.27
1.0 0.81 0.53 0.09 11.4 12.32
1.0 0.81 0.53 0.09 11.18 14.37
1.0 0.81 0.53 0.09 10.97 16.43
1.0 0.81 0.53 0.09 10.77 18.48
1.0 0.81 0.53 0.09 10.58 20.53
1.0 0.81 0.53 0.1 10.39 22.58
1.0 0.81 0.53 0.1 10.21 24.64
1.0 0.81 0.53 0.1 10.04 26.69
1.0 0.81 0.53 0.1 9.87 28.74
1.0 0.81 0.53 0.1 9.71 30.8
1.0 0.81 0.53 0.1 9.55 32.85
1.0 0.81 0.53 0.11 9.4 34.9
1.0 0.81 0.53 0.11 9.25 36.95
1.0 0.81 0.53 0.11 9.11 39.01
1.0 0.81 0.53 0.11 8.97 41.06
1.0 0.81 0.53 0.11 8.83 43.11
1.0 0.81 0.53 0.11 8.7 45.16
1.0 0.81 0.53 0.12 8.58 47.21
1.0 0.81 0.53 0.12 8.45 49.27
1.0 0.81 0.53 0.12 8.33 51.32
1.0 0.81 0.53 0.12 8.22 53.37
1.0 0.81 0.53 0.12 8.11 55.42
1.0 0.82 0.53 0.13 8.0 57.47
1.0 0.82 0.53 0.13 7.89 59.53
1.0 0.83 0.53 0.13 7.78 61.58
1.0 0.84 0.53 0.13 7.68 63.63
1.0 0.84 0.53 0.13 7.58 65.68
1.0 0.85 0.53 0.13 7.49 67.73
1.0 0.85 0.53 0.14 7.39 69.78
1.0 0.85 0.53 0.14 7.3 71.84
1.0 0.85 0.53 0.14 7.21 73.89
1.0 0.85 0.53 0.14 7.13 75.94
1.0 0.85 0.53 0.14 7.04 77.99
1.0 0.84 0.53 0.14 6.96 80.04
1.0 0.83 0.53 0.15 6.88 82.09
1.0 0.82 0.53 0.15 6.8 84.14
1.0 0.81 0.53 0.15 6.72 86.2
1.0 0.8 0.53 0.15 6.64 88.25
1.0 0.78 0.53 0.15 6.57 90.3
1.0 0.76 0.53 0.15 6.5 92.35
1.0 0.74 0.53 0.16 6.43 94.4
1.0 0.71 0.53 0.16 6.36 96.45
0.6 0.69 0.53 0.16 6.29 98.5
0.2 0.66 0.53 0.16 6.22 100.55
1.0 0.82 0.55 0.08 12.9 0.0
1.0 0.82 0.55 0.08 12.62 2.06
1.0 0.82 0.55 0.08 12.36 4.13
1.0 0.82 0.55 0.08 12.1 6.19
1.0 0.82 0.55 0.08 11.86 8.25
1.0 0.82 0.55 0.09 11.62 10.31
1.0 0.82 0.55 0.09 11.4 12.38
1.0 0.82 0.55 0.09 11.18 14.44
1.0 0.82 0.55 0.09 10.97 16.5
1.0 0.81 0.55 0.09 10.77 18.56
1.0 0.81 0.55 0.09 10.58 20.63
1.0 0.81 0.55 0.1 10.39 22.69
1.0 0.82 0.55 0.1 10.21 24.75
1.0 0.82 0.55 0.1 10.04 26.81
1.0 0.82 0.55 0.1 9.87 28.88
1.0 0.82 0.55 0.1 9.71 30.94
1.0 0.82 0.55 0.1 9.55 33.0
1.0 0.82 0.55 0.11 9.4 35.06
1.0 0.82 0.55 0.11 9.25 37.12
1.0 0.82 0.55 0.11 9.11 39.19
1.0 0.82 0.55 0.11 8.97 41.25
1.0 0.82 0.55 0.11 8.83 43.31
1.0 0.82 0.55 0.11 8.7 45.37
1.0 0.82 0.55 0.12 8.58 47.43
1.0 0.82 0.55 0.12 8.45 49.49
1.0 0.82 0.55 0.12 8.33 51.56
1.0 0.82 0.55 0.12 8.22 53.62
1.0 0.83 0.55 0.12 8.11 55.68
1.0 0.83 0.55 0.13 8.0 57.74
1.0 0.83 0.55 0.13 7.89 59.8
1.0 0.84 0.55 0.13 7.78 61.86
1.0 0.85 0.55 0.13 7.68 63.92
1.0 0.85 0.55 0.13 7.58 65.99
1.0 0.86 0.55 0.13 7.49 68.05
1.0 0.86 0.55 0.14 7.39 70.11
1.0 0.86 0.55 0.14 7.3 72.17
1.0 0.86 0.55 0.14 7.21 74.23
1.0 0.86 0.55 0.14 7.13 76.29
1.0 0.85 0.55 0.14 7.04 78.35
1.0 0.85 0.55 0.14 6.96 80.41
1.0 0.84 0.55 0.15 6.88 82.47
1.0 0.83 0.55 0.15 6.8 84.53
1.0 0.82 0.55 0.15 6.72 86.59
1.0 0.8 0.55 0.15 6.64 88.66
1.0 0.78 0.55 0.15 6.57 90.72
1.0 0.76 0.55 0.15 6.5 92.78
1.0 0.74 0.55 0.16 6.43 94.84
1.0 0.72 0.55 0.16 6.36 96.9
0.7 0.69 0.55 0.16 6.29 98.96
0.3 0.67 0.55 0.16 6.22 101.02
1.0 0.82 0.57 0.08 12.9 0.0
1.0 0.83 0.57 0.08 12.62 2.07
1.0 0.83 0.57 0.08 12.36 4.14
1.0 0.83 0.57 0.08 12.1 6.22
1.0 0.83 0.57 0.08 11.86 8.29
1.0 0.83 0.57 0.09 11.62 10.36
1.0 0.82 0.57 0.09 11.4 12.43
1.0 0.82 0.57 0.09 11.18 14.5
1.0 0.82 0.57 0.09 10.97 16.58
1.0 0.82 0.57 0.09 10.77 18.65
1.0 0.82 0.57 0.09 10.58 20.72
1.0 0.82 0.57 0.1 10.39 22.79
1.0 0.82 0.57 0.1 10.21 24.86
1.0 0.82 0.57 0.1 10.04 26.94
1.0 0.83 0.57 0.1 9.87 29.01
1.0 0.83 0.57 0.1 9.71 31.08
1.0 0.83 0.57 0.1 9.55 33.15
1.0 0.83 0.57 0.11 9.4 35.22
1.0 0.83 0.57 0.11 9.25 37.29
1.0 0.83 0.57 0.11 9.11 39.36
1.0 0.83 0.57 0.11 8.97 41.44
1.0 0.83 0.57 0.11 8.83 43.51
1.0 0.83 0.57 0.11 8.7 45.58
1.0 0.83 0.57 0.12 8.58 47.65
1.0 0.83 0.57 0.12 8.45 49.72
1.0 0.83 0.57 0.12 8.33 51.79
1.0 0.83 0.57 0.12 8.22 53.86
1.0 0.84 0.57 0.12 8.11 55.93
1.0 0.84 0.57 0.13 8.0 58.0
1.0 0.84 0.57 0.13 7.89 60.07
1.0 0.85 0.57 0.13 7.78 62.15
1.0 0.85 0.57 0.13 7.68 64.22
1.0 0.86 0.57 0.13 7.58 66.29
1.0 0.86 0.57 0.13 7.49 68.36
1.0 0.87 0.57 0.14 7.39 70.43
1.0 0.87 0.57 0.14 7.3 72.5
1.0 0.87 0.57 0.14 7.21 74.57
1.0 0.86 0.57 0.14 7.13 76.64
1.0 0.86 0.57 0.14 7.04 78.71
1.0 0.85 0.57 0.14 6.96 80.78
1.0 0.84 0.57 0.15 6.88 82.85
1.0 0.83 0.57 0.15 6.8 84.92
1.0 0.82 0.57 0.15 6.72 86.99
1.0 0.8 0.57 0.15 6.64 89.06
1.0 0.79 0.57 0.15 6.57 91.13
1.0 0.77 0.57 0.15 6.5 93.2
1.0 0.74 0.57 0.16 6.43 95.27
1.0 0.72 0.57 0.16 6.36 97.34
0.8 0.7 0.57 0.16 6.29 99.41
0.3 0.67 0.57 0.16 6.22 101.48
1.0 0.83 0.59 0.08 12.9 0.0
1.0 0.83 0.59 0.08 12.62 2.08
1.0 0.83 0.59 0.08 12.36 4.16
1.0 0.83 0.59 0.08 12.1 6.24
1.0 0.83 0.59 0.08 11.86 8.33
1.0 0.83 0.59 0.09 11.62 10.41
1.0 0.83 0.59 0.09 11.4 12.49
1.0 0.83 0.59 0.09 11.18 14.57
1.0 0.83 0.59 0.09 10.97 16.65
1.0 0.83 0.59 0.09 10.77 18.73
1.0 0.83 0.59 0.09 10.58 20.81
1.0 0.83 0.59 0.1 10.39 22.9
1.0 0.83 0.59 0.1 10.21 24.98
1.0 0.83 0.59 0.1 10.04 27.06
1.0 0.83 0.59 0.1 9.87 29.14
1.0 0.83 0.59 0.1 9.71 31.22
1.0 0.83 0.59 0.1 9.55 33.3
1.0 0.83 0.59 0.11 9.4 35.38
1.0 0.84 0.59 0.11 9.25 37.46
1.0 0.84 0.59 0.11 9.11 39.54
1.0 0.84 0.59 0.11 8.97 41.62
1.0 0.84 0.59 0.11 8.83 43.7
1.0 0.84 0.59 0.11 8.7 45.78
1.0 0.84 0.59 0.12 8.58 47.86
1.0 0.84 0.59 0.12 8.45 49.94
1.0 0.84 0.59 0.12 8.33 52.02
1.0 0.84 0.59 0.12 8.22 54.1
1.0 0.84 0.59 0.12 8.11 56.19
1.0 0.85 0.59 0.13 8.0 58.27
1.0 0.85 0.59 0.13 7.89 60.35
1.0 0.86 0.59 0.13 7.78 62.43
1.0 0.86 0.59 0.13 7.68 64.51
1.0 0.87 0.59 0.13 7.58 66.59
1.0 0.87 0.59 0.13 7.49 68.67
1.0 0.87 0.59 0.14 7.39 70.75
1.0 0.87 0.59 0.14 7.3 72.83
1.0 0.87 0.59 0.14 7.21 74.9
1.0 0.87 0.59 0.14 7.13 76.98
1.0 0.87 0.59 0.14 7.04 79.06
1.0 0.86 0.59 0.14 6.96 81.14
1.0 0.85 0.59 0.15 6.88 83.22
1.0 0.84 0.59 0.15 6.8 85.3
1.0 0.82 0.59 0.15 6.72 87.38
1.0 0.81 0.59 0.15 6.64 89.46
1.0 0.79 0.59 0.15 6.57 91.54
1.0 0.77 0.59 0.15 6.5 93.62
1.0 0.75 0.59 0.16 6.43 95.7
1.0 0.72 0.59 0.16 6.36 97.78
0.8 0.7 0.59 0.16 6.29 99.86
0.5 0.67 0.59 0.16 6.22 101.94
1.0 0.84 0.61 0.08 12.9 0.0
1.0 0.84 0.61 0.08 12.62 2.09
1.0 0.84 0.61 0.08 12.36 4.18
1.0 0.84 0.61 0.08 12.1 6.27
1.0 0.84 0.61 0.08 11.86 8.36
1.0 0.84 0.61 0.09 11.62 10.45
1.0 0.84 0.61 0.09 11.4 12.54
1.0 0.84 0.61 0.09 11.18 14.64
1.0 0.84 0.61 0.09 10.97 16.73
1.0 0.84 0.61 0.09 10.77 18.82
1.0 0.84 0.61 0.09 10.58 20.91
1.0 0.84 0.61 0.1 10.39 23.0
1.0 0.84 0.61 0.1 10.21 25.09
1.0 0.84 0.61 0.1 10.04 27.18
1.0 0.84 0.61 0.1 9.87 29.27
1.0 0.84 0.61 0.1 9.71 31.36
1.0 0.84 0.61 0.1 9.55 33.45
1.0 0.84 0.61 0.11 9.4 35.54
1.0 0.84 0.61 0.11 9.25 37.63
1.0 0.84 0.61 0.11 9.11 39.72
1.0 0.84 0.61 0.11 8.97 41.81
1.0 0.84 0.61 0.11 8.83 43.9
1.0 0.84 0.61 0.11 8.7 45.99
1.0 0.85 0.61 0.12 8.58 48.08
1.0 0.85 0.61 0.12 8.45 50.17
1.0 0.85 0.61 0.12 8.33 52.26
1.0 0.85 0.61 0.12 8.22 54.35
1.0 0.85 0.61 0.12 8.11 56.43
1.0 0.86 0.61 0.13 8.0 58.52
1.0 0.86 0.61 0.13 7.89 60.61
1.0 0.87 0.61 0.13 7.78 62.7
1.0 0.87 0.61 0.13 7.68 64.79
1.0 0.87 0.61 0.13 7.58 66.88
1.0 0.88 0.61 0.13 7.49 68.97
1.0 0.88 0.61 0.14 7.39 71.06
1.0 0.88 0.61 0.14 7.3 73.15
1.0 0.88 0.61 0.14 7.21 75.24
1.0 0.88 0.61 0.14 7.13 77.33
1.0 0.87 0.61 0.14 7.04 79.42
1.0 0.86 0.61 0.14 6.96 81.5
1.0 0.85 0.61 0.15 6.88 83.59
1.0 0.84 0.61 0.15 6.8 85.68
1.0 0.83 0.61 0.15 6.72 87.77
1.0 0.81 0.61 0.15 6.64 89.86
1.0 0.79 0.61 0.15 6.57 91.95
1.0 0.77 0.61 0.15 6.5 94.04
1.0 0.75 0.61 0.16 6.43 96.12
1.0 0.73 0.61 0.16 6.36 98.21
1.0 0.7 0.61 0.16 6.29 100.3
0.5 0.67 0.61 0.16 6.22 102.39
1.0 0.84 0.63 0.08 12.9 0.0
1.0 0.85 0.63 0.08 12.62 2.1
1.0 0.85 0.63 0.08 12.36 4.2
1.0 0.85 0.63 0.08 12.1 6.3
1.0 0.85 0.63 0.08 11.86 8.4
1.0 0.85 0.63 0.09 11.62 10.5
1.0 0.85 0.63 0.09 11.4 12.6
1.0 0.85 0.63 0.09 11.18 14.7
1.0 0.85 0.63 0.09 10.97 16.8
1.0 0.84 0.63 0.09 10.77 18.9
1.0 0.85 0.63 0.09 10.58 21.0
1.0 0.85 0.63 0.1 10.39 23.1
1.0 0.85 0.63 0.1 10.21 25.2
1.0 0.85 0.63 0.1 10.04 27.3
1.0 0.85 0.63 0.1 9.87 29.4
1.0 0.85 0.63 0.1 9.71 31.5
1.0 0.85 0.63 0.1 9.55 33.59
1.0 0.85 0.63 0.11 9.4 35.69
1.0 0.85 0.63 0.11 9.25 37.79
1.0 0.85 0.63 0.11 9.11 39.89
1.0 0.85 0.63 0.11 8.97 41.99
1.0 0.85 0.63 0.11 8.83 44.09
1.0 0.85 0.63 0.11 8.7 46.19
1.0 0.85 0.63 0.12 8.58 48.29
1.0 0.85 0.63 0.12 8.45 50.39
1.0 0.86 0.63 0.12 8.33 52.49
1.0 0.86 0.63 0.12 8.22 54.58
1.0 0.86 0.63 0.12 8.11 56.68
1.0 0.86 0.63 0.13 8.0 58.78
1.0 0.87 0.63 0.13 7.89 60.88
1.0 0.87 0.63 0.13 7.78 62.98
1.0 0.88 0.63 0.13 7.68 65.08
1.0 0.88 0.63 0.13 7.58 67.17
1.0 0.88 0.63 0.13 7.49 69.27
1.0 0.89 0.63 0.14 7.39 71.37
1.0 0.89 0.63 0.14 7.3 73.47
1.0 0.88 0.63 0.14 7.21 75.57
1.0 0.88 0.63 0.14 7.13 77.67
1.0 0.88 0.63 0.14 7.04 79.76
1.0 0.87 0.63 0.14 6.96 81.86
1.0 0.86 0.63 0.15 6.88 83.96
1.0 0.85 0.63 0.15 6.8 86.06
1.0 0.83 0.63 0.15 6.72 88.16
1.0 0.82 0.63 0.15 6.64 90.25
1.0 0.8 0.63 0.15 6.57 92.35
1.0 0.78 0.63 0.15 6.5 94.45
1.0 0.75 0.63 0.16 6.43 96.55
1.0 0.73 0.63 0.16 6.36 98.64
1.0 0.7 0.63 0.16 6.29 100.74
0.6 0.68 0.63 0.16 6.22 102.84
1.0 0.85 0.65 0.08 12.9 0.0
1.0 0.85 0.65 0.08 12.62 2.11
1.0 0.85 0.65 0.08 12.36 4.22
1.0 0.85 0.65 0.08 12.1 6.33
1.0 0.85 0.65 0.08 11.86 8.44
1.0 0.85 0.65 0.09 11.62 10.55
1.0 0.85 0.65 0.09 11.4 12.65
1.0 0.85 0.65 0.09 11.18 14.76
1.0 0.85 0.65 0.09 10.97 16.87
1.0 0.85 0.65 0.09 10.77 18.98
1.0 0.85 0.65 0.09 10.58 21.09
1.0 0.85 0.65 0.1 10.39 23.2
1.0 0.85 0.65 0.1 10.21 25.31
1.0 0.85 0.65 0.1 10.04 27.41
1.0 0.85 0.65 0.1 9.87 29.52
1.0 0.85 0.65 0.1 9.71 31.63
1.0 0.86 0.65 0.1 9.55 33.74
1.0 0.86 0.65 0.11 9.4 35.85
1.0 0.86 0.65 0.11 9.25 37.96
1.0 0.86 0.65 0.11 9.11 40.06
1.0 0.86 0.65 0.11 8.97 42.17
1.0 0.86 0.65 0.11 8.83 44.28
1.0 0.86 0.65 0.11 8.7 46.39
1.0 0.86 0.65 0.12 8.58 48.5
1.0 0.86 0.65 0.12 8.45 50.6
1.0 0.86 0.65 0.12 8.33 52.71
1.0 0.87 0.65 0.12 8.22 54.82
1.0 0.87 0.65 0.12 8.11 56.93
1.0 0.87 0.65 0.13 8.0 59.04
1.0 0.88 0.65 0.13 7.89 61.14
1.0 0.88 0.65 0.13 7.78 63.25
1.0 0.88 0.65 0.13 7.68 65.36
1.0 0.89 0.65 0.13 7.58 67.47
1.0 0.89 0.65 0.13 7.49 69.57
1.0 0.89 0.65 0.14 7.39 71.68
1.0 0.89 0.65 0.14 7.3 73.79
1.0 0.89 0.65 0.14 7.21 75.89
1.0 0.88 0.65 0.14 7.13 78.0
1.0 0.88 0.65 0.14 7.04 80.11
1.0 0.87 0.65 0.14 6.96 82.22
1.0 0.86 0.65 0.15 6.88 84.32
1.0 0.85 0.65 0.15 6.8 86.43
1.0 0.84 0.65 0.15 6.72 88.54
1.0 0.82 0.65 0.15 6.64 90.64
1.0 0.8 0.65 0.15 6.57 92.75
1.0 0.78 0.65 0.15 6.5 94.86
1.0 0.76 0.65 0.16 6.43 96.96
1.0 0.73 0.65 0.16 6.36 99.07
1.0 0.71 0.65 0.16 6.29 101.18
0.6 0.68 0.65 0.16 6.22 103.28
1.0 0.86 0.67 0.08 12.9 0.0
1.0 0.86 0.67 0.08 12.62 2.12
1.0 0.86 0.67 0.08 12.36 4.24
1.0 0.86 0.67 0.08 12.1 6.35
1.0 0.86 0.67 0.08 11.86 8.47
1.0 0.86 0.67 0.09 11.62 10.59
1.0 0.86 0.67 0.09 11.4 12.71
1.0 0.86 0.67 0.09 11.18 14.83
1.0 0.86 0.67 0.09 10.97 16.94
1.0 0.86 0.67 0.09 10.77 19.06
1.0 0.86 0.67 0.09 10.58 21.18
1.0 0.86 0.67 0.1 10.39 23.3
1.0 0.86 0.67 0.1 10.21 25.41
1.0 0.86 0.67 0.1 10.04 27.53
1.0 0.86 0.67 0.1 9.87 29.65
1.0 0.86 0.67 0.1 9.71 31.77
1.0 0.86 0.67 0.1 9.55 33.88
1.0 0.86 0.67 0.11 9.4 36.0
1.0 0.86 0.67 0.11 9.25 38.12
1.0 0.86 0.67 0.11 9.11 40.24
1.0 0.86 0.67 0.11 8.97 42.35
1.0 0.86 0.67 0.11 8.83 44.47
1.0 0.87 0.67 0.11 8.7 46.59
1.0 0.87 0.67 0.12 8.58 48.7
1.0 0.87 0.67 0.12 8.45 50.82
1.0 0.87 0.67 0.12 8.33 52.94
1.0 0.87 0.67 0.12 8.22 55.05
1.0 0.87 0.67 0.12 8.11 57.17
1.0 0.88 0.67 0.13 8.0 59.29
1.0 0.88 0.67 0.13 7.89 61.4
1.0 0.89 0.67 0.13 7.78 63.52
1.0 0.89 0.67 0.13 7.68 65.64
1.0 0.89 0.67 0.13 7.58 67.75
1.0 0.89 0.67 0.13 7.49 69.87
1.0 0.9 0.67 0.14 7.39 71.99
1.0 0.9 0.67 0.14 7.3 74.1
1.0 0.89 0.67 0.14 7.21 76.22
1.0 0.89 0.67 0.14 7.13 78.34
1.0 0.88 0.67 0.14 7.04 80.45
1.0 0.88 0.67 0.14 6.96 82.57
1.0 0.87 0.67 0.15 6.88 84.68
1.0 0.85 0.67 0.15 6.8 86.8
1.0 0.84 0.67 0.15 6.72 88.92
1.0 0.82 0.67 0.15 6.64 91.03
1.0 0.8 0.67 0.15 6.57 93.15
1.0 0.78 0.67 0.15 6.5 95.26
1.0 0.76 0.67 0.16 6.43 97.38
1.0 0.73 0.67 0.16 6.36 99.49
1.0 0.71 0.67 0.16 6.29 101.61
0.8 0.68 0.67 0.16 6.22 103.73
1.0 0.86 0.69 0.08 12.9 0.0
1.0 0.86 0.69 0.08 12.62 2.13
1.0 0.86 0.69 0.08 12.36 4.25
1.0 0.86 0.69 0.08 12.1 6.38
1.0 0.86 0.69 0.08 11.86 8.51
1.0 0.86 0.69 0.09 11.62 10.63
1.0 0.86 0.69 0.09 11.4 12.76
1.0 0.86 0.69 0.09 11.18 14.89
1.0 0.86 0.69 0.09 10.97 17.02
1.0 0.86 0.69 0.09 10.77 19.14
1.0 0.86 0.69 0.09 10.58 21.27
1.0 0.86 0.69 0.1 10.39 23.39
1.0 0.86 0.69 0.1 10.21 25.52
1.0 0.86 0.69 0.1 10.04 27.65
1.0 0.86 0.69 0.1 9.87 29.77
1.0 0.87 0.69 0.1 9.71 31.9
1.0 0.87 0.69 0.1 9.55 34.03
1.0 0.87 0.69 0.11 9.4 36.15
1.0 0.87 0.69 0.11 9.25 38.28
1.0 0.87 0.69 0.11 9.11 40.41
1.0 0.87 0.69 0.11 8.97 42.53
1.0 0.87 0.69 0.11 8.83 44.66
1.0 0.87 0.69 0.11 8.7 46.78
1.0 0.87 0.69 0.12 8.58 48.91
1.0 0.87 0.69 0.12 8.45 51.03
1.0 0.88 0.69 0.12 8.33 53.16
1.0 0.88 0.69 0.12 8.22 55.29
1.0 0.88 0.69 0.12 8.11 57.41
1.0 0.88 0.69 0.13 8.0 59.54
1.0 0.89 0.69 0.13 7.89 61.66
1.0 0.89 0.69 0.13 7.78 63.79
1.0 0.89 0.69 0.13 7.68 65.91
1.0 0.9 0.69 0.13 7.58 68.04
1.0 0.9 0.69 0.13 7.49 70.16
1.0 0.9 0.69 0.14 7.39 72.29
1.0 0.9 0.69 0.14 7.3 74.42
1.0 0.9 0.69 0.14 7.21 76.54
1.0 0.89 0.69 0.14 7.13 78.67
1.0 0.89 0.69 0.14 7.04 80.79
1.0 0.88 0.69 0.14 6.96 82.92
1.0 0.87 0.69 0.15 6.88 85.04
1.0 0.86 0.69 0.15 6.8 87.17
1.0 0.84 0.69 0.15 6.72 89.29
1.0 0.82 0.69 0.15 6.64 91.42
1.0 0.81 0.69 0.15 6.57 93.54
1.0 0.78 0.69 0.15 6.5 95.66
1.0 0.76 0.69 0.16 6.43 97.79
1.0 0.74 0.69 0.16 6.36 99.91
1.0 0.71 0.69 0.16 6.29 102.04
0.8 0.68 0.69 0.16 6.22 104.16
1.0 0.86 0.71 0.08 12.9 0.0
1.0 0.87 0.71 0.08 12.62 2.14
1.0 0.87 0.71 0.08 12.36 4.27
1.0 0.87 0.71 0.08 12.1 6.41
1.0 0.87 0.71 0.08 11.86 8.54
1.0 0.87 0.71 0.09 11.62 10.68
1.0 0.87 0.71 0.09 11.4 12.81
1.0 0.87 0.71 0.09 11.18 14.95
1.0 0.87 0.71 0.09 10.97 17.09
1.0 0.87 0.71 0.09 10.77 19.22
1.0 0.87 0.71 0.09 10.58 21.36
1.0 0.87 0.71 0.1 10.39 23.49
1.0 0.87 0.71 0.1 10.21 25.63
1.0 0.87 0.71 0.1 10.04 27.76
1.0 0.87 0.71 0.1 9.87 29.9
1.0 0.87 0.71 0.1 9.71 32.03
1.0 0.87 0.71 0.1 9.55 34.17
1.0 0.87 0.71 0.11 9.4 36.3
1.0 0.87 0.71 0.11 9.25 38.44
1.0 0.87 0.71 0.11 9.11 40.57
1.0 0.87 0.71 0.11 8.97 42.71
1.0 0.88 0.71 0.11 8.83 44.84
1.0 0.88 0.71 0.11 8.7 46.98
1.0 0.88 0.71 0.12 8.58 49.11
1.0 0.88 0.71 0.12 8.45 51.25
1.0 0.88 0.71 0.12 8.33 53.38
1.0 0.88 0.71 0.12 8.22 55.52
1.0 0.89 0.71 0.12 8.11 57.65
1.0 0.89 0.71 0.13 8.0 59.79
1.0 0.89 0.71 0.13 7.89 61.92
1.0 0.9 0.71 0.13 7.78 64.05
1.0 0.9 0.71 0.13 7.68 66.19
1.0 0.9 0.71 0.13 7.58 68.32
1.0 0.9 0.71 0.13 7.49 70.46
1.0 0.9 0.71 0.14 7.39 72.59
1.0 0.9 0.71 0.14 7.3 74.73
1.0 0.9 0.71 0.14 7.21 76.86
1.0 0.9 0.71 0.14 7.13 78.99
1.0 0.89 0.71 0.14 7.04 81.13
1.0 0.88 0.71 0.14 6.96 83.26
1.0 0.87 0.71 0.15 6.88 85.39
1.0 0.86 0.71 0.15 6.8 87.53
1.0 0.84 0.71 0.15 6.72 89.66
1.0 0.83 0.71 0.15 6.64 91.8
1.0 0.81 0.71 0.15 6.57 93.93
1.0 0.79 0.71 0.15 6.5 96.06
1.0 0.76 0.71 0.16 6.43 98.2
1.0 0.74 0.71 0.16 6.36 100.33
1.0 0.71 0.71 0.16 6.29 102.46
0.9 0.68 0.71 0.16 6.22 104.6
1.0 0.87 0.73 0.08 12.9 0.0
1.0 0.87 0.73 0.08 12.62 2.14
1.0 0.87 0.73 0.08 12.36 4.29
1.0 0.87 0.73 0.08 12.1 6.43
1.0 0.87 0.73 0.08 11.86 8.58
1.0 0.87 0.73 0.09 11.62 10.72
1.0 0.87 0.73 0.09 11.4 12.87
1.0 0.87 0.73 0.09 11.18 15.01
1.0 0.87 0.73 0.09 10.97 17.16
1.0 0.87 0.73 0.09 10.77 19.3
1.0 0.87 0.73 0.09 10.58 21.44
1.0 0.87 0.73 0.1 10.39 23.59
1.0 0.87 0.73 0.1 10.21 25.73
1.0 0.87 0.73 0.1 10.04 27.88
1.0 0.87 0.73 0.1 9.87 30.02
1.0 0.87 0.73 0.1 9.71 32.17
1.0 0.88 0.73 0.1 9.55 34.31
1.0 0.88 0.73 0.11 9.4 36.45
1.0 0.88 0.73 0.11 9.25 38.6
1.0 0.88 0.73 0.11 9.11 40.74
1.0 0.88 0.73 0.11 8.97 42.88
1.0 0.88 0.73 0.11 8.83 45.03
1.0 0.88 0.73 0.11 8.7 47.17
1.0 0.88 0.73 0.12 8.58 49.32
1.0 0.88 0.73 0.12 8.45 51.46
1.0 0.89 0.73 0.12 8.33 53.6
1.0 0.89 0.73 0.12 8.22 55.75
1.0 0.89 0.73 0.12 8.11 57.89
1.0 0.89 0.73 0.13 8.0 60.03
1.0 0.9 0.73 0.13 7.89 62.17
1.0 0.9 0.73 0.13 7.78 64.32
1.0 0.9 0.73 0.13 7.68 66.46
1.0 0.91 0.73 0.13 7.58 68.6
1.0 0.91 0.73 0.13 7.49 70.75
1.0 0.91 0.73 0.14 7.39 72.89
1.0 0.91 0.73 0.14 7.3 75.03
1.0 0.9 0.73 0.14 7.21 77.18
1.0 0.9 0.73 0.14 7.13 79.32
1.0 0.89 0.73 0.14 7.04 81.46
1.0 0.88 0.73 0.14 6.96 83.6
1.0 0.87 0.73 0.15 6.88 85.75
1.0 0.86 0.73 0.15 6.8 87.89
1.0 0.85 0.73 0.15 6.72 90.03
1.0 0.83 0.73 0.15 6.64 92.17
1.0 0.81 0.73 0.15 6.57 94.32
1.0 0.79 0.73 0.15 6.5 96.46
1.0 0.77 0.73 0.16 6.43 98.6
1.0 0.74 0.73 0.16 6.36 100.74
1.0 0.71 0.73 0.16 6.29 102.88
1.0 0.69 0.73 0.16 6.22 105.03
1 0 0.76 0.08 12.9 0.0
1 0 0.76 0.08 12.62 2.15
1 0 0.76 0.08 12.36 4.31
1 0 0.76 0.08 12.1 6.46
1 0 0.76 0.08 11.86 8.61
1 0 0.76 0.09 11.62 10.77
1 0 0.76 0.09 11.4 12.92
1 0 0.76 0.09 11.18 15.07
1 0 0.76 0.09 10.97 17.23
1 0 0.76 0.09 10.77 19.38
1 0 0.76 0.09 10.58 21.53
1 0 0.76 0.1 10.39 23.68
1 0 0.76 0.1 10.21 25.84
1 0 0.76 0.1 10.04 27.99
1 0 0.76 0.1 9.87 30.14
1 0 0.76 0.1 9.71 32.3
1 0 0.76 0.1 9.55 34.45
1 0 0.76 0.11 9.4 36.6
1 0 0.76 0.11 9.25 38.75
1 0 0.76 0.11 9.11 40.91
1 0 0.76 0.11 8.97 43.06
1 0 0.76 0.11 8.83 45.21
1 0 0.76 0.11 8.7 47.36
1 0 0.76 0.12 8.58 49.52
1 0 0.76 0.12 8.45 51.67
1 0 0.76 0.12 8.33 53.82
1 0 0.76 0.12 8.22 55.97
1 0 0.76 0.12 8.11 58.12
1 0 0.76 0.13 8.0 60.28
1 0 0.76 0.13 7.89 62.43
1 0 0.76 0.13 7.78 64.58
1 0 0.76 0.13 7.68 66.73
1 0 0.76 0.13 7.58 68.88
1 0 0.76 0.13 7.49 71.03
1 0 0.76 0.14 7.39 73.19
1 0 0.76 0.14 7.3 75.34
1 0 0.76 0.14 7.21 77.49
1 0 0.76 0.14 7.13 79.64
1 0 0.76 0.14 7.04 81.79
1 0 0.76 0.14 6.96 83.94
1 0 0.76 0.15 6.88 86.09
1 0 0.76 0.15 6.8 88.25
1 0 0.76 0.15 6.72 90.4
1 0 0.76 0.15 6.64 92.55
1 0 0.76 0.15 6.57 94.7
1 0 0.76 0.15 6.5 96.85
1 0 0.76 0.16 6.43 99.0
1 0 0.76 0.16 6.36 101.15
1 0 0.76 0.16 6.29 103.3
1 0 0.76 0.16 6.22 105.45
1 0 0.78 0.08 12.9 0.0
1 0 0.78 0.08 12.62 2.16
1 0 0.78 0.08 12.36 4.32
1 0 0.78 0.08 12.1 6.49
1 0 0.78 0.08 11.86 8.65
1 0 0.78 0.09 11.62 10.81
1 0 0.78 0.09 11.4 12.97
1 0 0.78 0.09 11.18 15.13
1 0 0.78 0.09 10.97 17.3
1 0 0.78 0.09 10.77 19.46
1 0 0.78 0.09 10.58 21.62
1 0 0.78 0.1 10.39 23.78
1 0 0.78 0.1 10.21 25.94
1 0 0.78 0.1 10.04 28.1
1 0 0.78 0.1 9.87 30.26
1 0 0.78 0.1 9.71 32.43
1 0 0.78 0.1 9.55 34.59
1 0 0.78 0.11 9.4 36.75
1 0 0.78 0.11 9.25 38.91
1 0 0.78 0.11 9.11 41.07
1 0 0.78 0.11 8.97 43.23
1 0 0.78 0.11 8.83 45.39
1 0 0.78 0.11 8.7 47.55
1 0 0.78 0.12 8.58 49.71
1 0 0.78 0.12 8.45 51.88
1 0 0.78 0.12 8.33 54.04
1 0 0.78 0.12 8.22 56.2
1 0 0.78 0.12 8.11 58.36
1 0 0.78 0.13 8.0 60.52
1 0 0.78 0.13 7.89 62.68
1 0 0.78 0.13 7.78 64.84
1 0 0.78 0.13 7.68 67.0
1 0 0.78 0.13 7.58 69.16
1 0 0.78 0.13 7.49 71.32
1 0 0.78 0.14 7.39 73.48
1 0 0.78 0.14 7.3 75.64
1 0 0.78 0.14 7.21 77.8
1 0 0.78 0.14 7.13 79.96
1 0 0.78 0.14 7.04 82.12
1 0 0.78 0.14 6.96 84.28
1 0 0.78 0.15 6.88 86.44
1 0 0.78 0.15 6.8 88.6
1 0 0.78 0.15 6.72 90.76
1 0 0.78 0.15 6.64 92.92
1 0 0.78 0.15 6.57 95.08
1 0 0.78 0.15 6.5 97.24
1 0 0.78 0.16 6.43 99.4
1 0 0.78 0.16 6.36 101.56
1 0 0.78 0.16 6.29 103.72
1 0 0.78 0.16 6.22 105.88
1 0 0.8 0.08 12.9 0.0
1 0 0.8 0.08 12.62 2.17
1 0 0.8 0.08 12.36 4.34
1 0 0.8 0.08 12.1 6.51
1 0 0.8 0.08 11.86 8.68
1 0 0.8 0.09 11.62 10.85
1 0 0.8 0.09 11.4 13.02
1 0 0.8 0.09 11.18 15.19
1 0 0.8 0.09 10.97 17.36
1 0 0.8 0.09 10.77 19.53
1 0 0.8 0.09 10.58 21.7
1 0 0.8 0.1 10.39 23.87
1 0 0.8 0.1 10.21 26.04
1 0 0.8 0.1 10.04 28.21
1 0 0.8 0.1 9.87 30.38
1 0 0.8 0.1 9.71 32.55
1 0 0.8 0.1 9.55 34.72
1 0 0.8 0.11 9.4 36.89
1 0 0.8 0.11 9.25 39.06
1 0 0.8 0.11 9.11 41.23
1 0 0.8 0.11 8.97 43.4
1 0 0.8 0.11 8.83 45.57
1 0 0.8 0.11 8.7 47.74
1 0 0.8 0.12 8.58 49.91
1 0 0.8 0.12 8.45 52.08
1 0 0.8 0.12 8.33 54.25
1 0 0.8 0.12 8.22 56.42
1 0 0.8 0.12 8.11 58.59
1 0 0.8 0.13 8.0 60.76
1 0 0.8 0.13 7.89 62.93
1 0 0.8 0.13 7.78 65.1
1 0 0.8 0.13 7.68 67.27
1 0 0.8 0.13 7.58 69.43
1 0 0.8 0.13 7.49 71.6
1 0 0.8 0.14 7.39 73.77
1 0 0.8 0.14 7.3 75.94
1 0 0.8 0.14 7.21 78.11
1 0 0.8 0.14 7.13 80.28
1 0 0.8 0.14 7.04 82.45
1 0 0.8 0.14 6.96 84.62
1 0 0.8 0.15 6.88 86.78
1 0 0.8 0.15 6.8 88.95
1 0 0.8 0.15 6.72 91.12
1 0 0.8 0.15 6.64 93.29
1 0 0.8 0.15 6.57 95.46
1 0 0.8 0.15 6.5 97.63
1 0 0.8 0.16 6.43 99.79
1 0 0.8 0.16 6.36 101.96
1 0 0.8 0.16 6.29 104.13
1 0 0.8 0.16 6.22 106.3
1 0 0.82 0.08 12.9 0.0
1 0 0.82 0.08 12.62 2.18
1 0 0.82 0.08 12.36 4.36
1 0 0.82 0.08 12.1 6.54
1 0 0.82 0.08 11.86 8.72
1 0 0.82 0.09 11.62 10.9
1 0 0.82 0.09 11.4 13.07
1 0 0.82 0.09 11.18 15.25
1 0 0.82 0.09 10.97 17.43
1 0 0.82 0.09 10.77 19.61
1 0 0.82 0.09 10.58 21.79
1 0 0.82 0.1 10.39 23.97
1 0 0.82 0.1 10.21 26.15
1 0 0.82 0.1 10.04 28.33
1 0 0.82 0.1 9.87 30.5
1 0 0.82 0.1 9.71 32.68
1 0 0.82 0.1 9.55 34.86
1 0 0.82 0.11 9.4 37.04
1 0 0.82 0.11 9.25 39.22
1 0 0.82 0.11 9.11 41.4
1 0 0.82 0.11 8.97 43.57
1 0 0.82 0.11 8.83 45.75
1 0 0.82 0.11 8.7 47.93
1 0 0.82 0.12 8.58 50.11
1 0 0.82 0.12 8.45 52.29
1 0 0.82 0.12 8.33 54.46
1 0 0.82 0.12 8.22 56.64
1 0 0.82 0.12 8.11 58.82
1 0 0.82 0.13 8.0 61.0
1 0 0.82 0.13 7.89 63.17
1 0 0.82 0.13 7.78 65.35
1 0 0.82 0.13 7.68 67.53
1 0 0.82 0.13 7.58 69.71
1 0 0.82 0.13 7.49 71.88
1 0 0.82 0.14 7.39 74.06
1 0 0.82 0.14 7.3 76.24
1 0 0.82 0.14 7.21 78.42
1 0 0.82 0.14 7.13 80.59
1 0 0.82 0.14 7.04 82.77
1 0 0.82 0.14 6.96 84.95
1 0 0.82 0.15 6.88 87.12
1 0 0.82 0.15 6.8 89.3
1 0 0.82 0.15 6.72 91.48
1 0 0.82 0.15 6.64 93.65
1 0 0.82 0.15 6.57 95.83
1 0 0.82 0.15 6.5 98.01
1 0 0.82 0.16 6.43 100.18
1 0 0.82 0.16 6.36 102.36
1 0 0.82 0.16 6.29 104.54
1 0 0.82 0.16 6.22 106.71
1 0 0.84 0.08 12.9 0.0
1 0 0.84 0.08 12.62 2.19
1 0 0.84 0.08 12.36 4.38
1 0 0.84 0.08 12.1 6.56
1 0 0.84 0.08 11.86 8.75
1 0 0.84 0.09 11.62 10.94
1 0 0.84 0.09 11.4 13.13
1 0 0.84 0.09 11.18 15.31
1 0 0.84 0.09 10.97 17.5
1 0 0.84 0.09 10.77 19.69
1 0 0.84 0.09 10.58 21.87
1 0 0.84 0.1 10.39 24.06
1 0 0.84 0.1 10.21 26.25
1 0 0.84 0.1 10.04 28.43
1 0 0.84 0.1 9.87 30.62
1 0 0.84 0.1 9.71 32.81
1 0 0.84 0.1 9.55 35.0
1 0 0.84 0.11 9.4 37.18
1 0 0.84 0.11 9.25 39.37
1 0 0.84 0.11 9.11 41.56
1 0 0.84 0.11 8.97 43.74
1 0 0.84 0.11 8.83 45.93
1 0 0.84 0.11 8.7 48.12
1 0 0.84 0.12 8.58 50.3
1 0 0.84 0.12 8.45 52.49
1 0 0.84 0.12 8.33 54.67
1 0 0.84 0.12 8.22 56.86
1 0 0.84 0.12 8.11 59.05
1 0 0.84 0.13 8.0 61.23
1 0 0.84 0.13 7.89 63.42
1 0 0.84 0.13 7.78 65.6
1 0 0.84 0.13 7.68 67.79
1 0 0.84 0.13 7.58 69.98
1 0 0.84 0.13 7.49 72.16
1 0 0.84 0.14 7.39 74.35
1 0 0.84 0.14 7.3 76.53
1 0 0.84 0.14 7.21 78.72
1 0 0.84 0.14 7.13 80.9
1 0 0.84 0.14 7.04 83.09
1 0 0.84 0.14 6.96 85.28
1 0 0.84 0.15 6.88 87.46
1 0 0.84 0.15 6.8 89.65
1 0 0.84 0.15 6.72 91.83
1 0 0.84 0.15 6.64 94.02
1 0 0.84 0.15 6.57 96.2
1 0 0.84 0.15 6.5 98.39
1 0 0.84 0.16 6.43 100.57
1 0 0.84 0.16 6.36 102.76
1 0 0.84 0.16 6.29 104.94
1 0 0.84 0.16 6.22 107.13
1 0 0.86 0.08 12.9 0.0
1 0 0.86 0.08 12.62 2.2
1 0 0.86 0.08 12.36 4.39
1 0 0.86 0.08 12.1 6.59
1 0 0.86 0.08 11.86 8.78
1 0 0.86 0.09 11.62 10.98
1 0 0.86 0.09 11.4 13.18
1 0 0.86 0.09 11.18 15.37
1 0 0.86 0.09 10.97 17.57
1 0 0.86 0.09 10.77 19.76
1 0 0.86 0.09 10.58 21.96
1 0 0.86 0.1 10.39 24.15
1 0 0.86 0.1 10.21 26.35
1 0 0.86 0.1 10.04 28.54
1 0 0.86 0.1 9.87 30.74
1 0 0.86 0.1 9.71 32.93
1 0 0.86 0.1 9.55 35.13
1 0 0.86 0.11 9.4 37.32
1 0 0.86 0.11 9.25 39.52
1 0 0.86 0.11 9.11 41.71
1 0 0.86 0.11 8.97 43.91
1 0 0.86 0.11 8.83 46.1
1 0 0.86 0.11 8.7 48.3
1 0 0.86 0.12 8.58 50.49
1 0 0.86 0.12 8.45 52.69
1 0 0.86 0.12 8.33 54.88
1 0 0.86 0.12 8.22 57.08
1 0 0.86 0.12 8.11 59.27
1 0 0.86 0.13 8.0 61.47
1 0 0.86 0.13 7.89 63.66
1 0 0.86 0.13 7.78 65.86
1 0 0.86 0.13 7.68 68.05
1 0 0.86 0.13 7.58 70.24
1 0 0.86 0.13 7.49 72.44
1 0 0.86 0.14 7.39 74.63
1 0 0.86 0.14 7.3 76.83
1 0 0.86 0.14 7.21 79.02
1 0 0.86 0.14 7.13 81.21
1 0 0.86 0.14 7.04 83.41
1 0 0.86 0.14 6.96 85.6
1 0 0.86 0.15 6.88 87.8
1 0 0.86 0.15 6.8 89.99
1 0 0.86 0.15 6.72 92.18
1 0 0.86 0.15 6.64 94.38
1 0 0.86 0.15 6.57 96.57
1 0 0.86 0.15 6.5 98.76
1 0 0.86 0.16 6.43 100.96
1 0 0.86 0.16 6.36 103.15
1 0 0.86 0.16 6.29 105.34
1 0 0.86 0.16 6.22 107.54
1 0 0.88 0.08 12.9 0.0
1 0 0.88 0.08 12.62 2.2
1 0 0.88 0.08 12.36 4.41
1 0 0.88 0.08 12.1 6.61
1 0 0.88 0.08 11.86 8.82
1 0 0.88 0.09 11.62 11.02
1 0 0.88 0.09 11.4 13.23
1 0 0.88 0.09 11.18 15.43
1 0 0.88 0.09 10.97 17.63
1 0 0.88 0.09 10.77 19.84
1 0 0.88 0.09 10.58 22.04
1 0 0.88 0.1 10.39 24.24
1 0 0.88 0.1 10.21 26.45
1 0 0.88 0.1 10.04 28.65
1 0 0.88 0.1 9.87 30.86
1 0 0.88 0.1 9.71 33.06
1 0 0.88 0.1 9.55 35.26
1 0 0.88 0.11 9.4 37.47
1 0 0.88 0.11 9.25 39.67
1 0 0.88 0.11 9.11 41.87
1 0 0.88 0.11 8.97 44.08
1 0 0.88 0.11 8.83 46.28
1 0 0.88 0.11 8.7 48.48
1 0 0.88 0.12 8.58 50.69
1 0 0.88 0.12 8.45 52.89
1 0 0.88 0.12 8.33 55.09
1 0 0.88 0.12 8.22 57.29
1 0 0.88 0.12 8.11 59.5
1 0 0.88 0.13 8.0 61.7
1 0 0.88 0.13 7.89 63.9
1 0 0.88 0.13 7.78 66.11
1 0 0.88 0.13 7.68 68.31
1 0 0.88 0.13 7.58 70.51
1 0 0.88 0.13 7.49 72.71
1 0 0.88 0.14 7.39 74.92
1 0 0.88 0.14 7.3 77.12
1 0 0.88 0.14 7.21 79.32
1 0 0.88 0.14 7.13 81.52
1 0 0.88 0.14 7.04 83.72
1 0 0.88 0.14 6.96 85.93
1 0 0.88 0.15 6.88 88.13
1 0 0.88 0.15 6.8 90.33
1 0 0.88 0.15 6.72 92.53
1 0 0.88 0.15 6.64 94.74
1 0 0.88 0.15 6.57 96.94
1 0 0.88 0.15 6.5 99.14
1 0 0.88 0.16 6.43 101.34
1 0 0.88 0.16 6.36 103.54
1 0 0.88 0.16 6.29 105.74
1 0 0.88 0.16 6.22 107.95
1 0 0.9 0.08 12.9 0.0
1 0 0.9 0.08 12.62 2.21
1 0 0.9 0.08 12.36 4.43
1 0 0.9 0.08 12.1 6.64
1 0 0.9 0.08 11.86 8.85
1 0 0.9 0.09 11.62 11.06
1 0 0.9 0.09 11.4 13.27
1 0 0.9 0.09 11.18 15.49
1 0 0.9 0.09 10.97 17.7
1 0 0.9 0.09 10.77 19.91
1 0 0.9 0.09 10.58 22.12
1 0 0.9 0.1 10.39 24.34
1 0 0.9 0.1 10.21 26.55
1 0 0.9 0.1 10.04 28.76
1 0 0.9 0.1 9.87 30.97
1 0 0.9 0.1 9.71 33.18
1 0 0.9 0.1 9.55 35.39
1 0 0.9 0.11 9.4 37.61
1 0 0.9 0.11 9.25 39.82
1 0 0.9 0.11 9.11 42.03
1 0 0.9 0.11 8.97 44.24
1 0 0.9 0.11 8.83 46.45
1 0 0.9 0.11 8.7 48.66
1 0 0.9 0.12 8.58 50.88
1 0 0.9 0.12 8.45 53.09
1 0 0.9 0.12 8.33 55.3
1 0 0.9 0.12 8.22 57.51
1 0 0.9 0.12 8.11 59.72
1 0 0.9 0.13 8.0 61.93
1 0 0.9 0.13 7.89 64.14
1 0 0.9 0.13 7.78 66.35
1 0 0.9 0.13 7.68 68.56
1 0 0.9 0.13 7.58 70.77
1 0 0.9 0.13 7.49 72.99
1 0 0.9 0.14 7.39 75.2
1 0 0.9 0.14 7.3 77.41
1 0 0.9 0.14 7.21 79.62
1 0 0.9 0.14 7.13 81.83
1 0 0.9 0.14 7.04 84.04
1 0 0.9 0.14 6.96 86.25
1 0 0.9 0.15 6.88 88.46
1 0 0.9 0.15 6.8 90.67
1 0 0.9 0.15 6.72 92.88
1 0 0.9 0.15 6.64 95.09
1 0 0.9 0.15 6.57 97.3
1 0 0.9 0.15 6.5 99.51
1 0 0.9 0.16 6.43 101.72
1 0 0.9 0.16 6.36 103.93
1 0 0.9 0.16 6.29 106.14
1 0 0.9 0.16 6.22 108.35
1 0 0.92 0.08 12.9 0.0
1 0 0.92 0.08 12.62 2.22
1 0 0.92 0.08 12.36 4.44
1 0 0.92 0.08 12.1 6.66
1 0 0.92 0.08 11.86 8.88
1 0 0.92 0.09 11.62 11.1
1 0 0.92 0.09 11.4 13.32
1 0 0.92 0.09 11.18 15.54
1 0 0.92 0.09 10.97 17.76
1 0 0.92 0.09 10.77 19.99
1 0 0.92 0.09 10.58 22.21
1 0 0.92 0.1 10.39 24.43
1 0 0.92 0.1 10.21 26.65
1 0 0.92 0.1 10.04 28.87
1 0 0.92 0.1 9.87 31.09
1 0 0.92 0.1 9.71 33.31
1 0 0.92 0.1 9.55 35.53
1 0 0.92 0.11 9.4 37.75
1 0 0.92 0.11 9.25 39.97
1 0 0.92 0.11 9.11 42.19
1 0 0.92 0.11 8.97 44.4
1 0 0.92 0.11 8.83 46.62
1 0 0.92 0.11 8.7 48.84
1 0 0.92 0.12 8.58 51.06
1 0 0.92 0.12 8.45 53.28
1 0 0.92 0.12 8.33 55.5
1 0 0.92 0.12 8.22 57.72
1 0 0.92 0.12 8.11 59.94
1 0 0.92 0.13 8.0 62.16
1 0 0.92 0.13 7.89 64.38
1 0 0.92 0.13 7.78 66.6
1 0 0.92 0.13 7.68 68.82
1 0 0.92 0.13 7.58 71.04
1 0 0.92 0.13 7.49 73.26
1 0 0.92 0.14 7.39 75.47
1 0 0.92 0.14 7.3 77.69
1 0 0.92 0.14 7.21 79.91
1 0 0.92 0.14 7.13 82.13
1 0 0.92 0.14 7.04 84.35
1 0 0.92 0.14 6.96 86.57
1 0 0.92 0.15 6.88 88.79
1 0 0.92 0.15 6.8 91.01
1 0 0.92 0.15 6.72 93.22
1 0 0.92 0.15 6.64 95.44
1 0 0.92 0.15 6.57 97.66
1 0 0.92 0.15 6.5 99.88
1 0 0.92 0.16 6.43 102.1
1 0 0.92 0.16 6.36 104.31
1 0 0.92 0.16 6.29 106.53
1 0 0.92 0.16 6.22 108.75
1 0 0.94 0.08 12.9 0.0
1 0 0.94 0.08 12.62 2.23
1 0 0.94 0.08 12.36 4.46
1 0 0.94 0.08 12.1 6.69
1 0 0.94 0.08 11.86 8.92
1 0 0.94 0.09 11.62 11.14
1 0 0.94 0.09 11.4 13.37
1 0 0.94 0.09 11.18 15.6
1 0 0.94 0.09 10.97 17.83
1 0 0.94 0.09 10.77 20.06
1 0 0.94 0.09 10.58 22.29
1 0 0.94 0.1 10.39 24.51
1 0 0.94 0.1 10.21 26.74
1 0 0.94 0.1 10.04 28.97
1 0 0.94 0.1 9.87 31.2
1 0 0.94 0.1 9.71 33.43
1 0 0.94 0.1 9.55 35.66
1 0 0.94 0.11 9.4 37.88
1 0 0.94 0.11 9.25 40.11
1 0 0.94 0.11 9.11 42.34
1 0 0.94 0.11 8.97 44.57
1 0 0.94 0.11 8.83 46.8
1 0 0.94 0.11 8.7 49.02
1 0 0.94 0.12 8.58 51.25
1 0 0.94 0.12 8.45 53.48
1 0 0.94 0.12 8.33 55.71
1 0 0.94 0.12 8.22 57.93
1 0 0.94 0.12 8.11 60.16
1 0 0.94 0.13 8.0 62.39
1 0 0.94 0.13 7.89 64.62
1 0 0.94 0.13 7.78 66.84
1 0 0.94 0.13 7.68 69.07
1 0 0.94 0.13 7.58 71.3
1 0 0.94 0.13 7.49 73.52
1 0 0.94 0.14 7.39 75.75
1 0 0.94 0.14 7.3 77.98
1 0 0.94 0.14 7.21 80.2
1 0 0.94 0.14 7.13 82.43
1 0 0.94 0.14 7.04 84.66
1 0 0.94 0.14 6.96 86.89
1 0 0.94 0.15 6.88 89.11
1 0 0.94 0.15 6.8 91.34
1 0 0.94 0.15 6.72 93.57
1 0 0.94 0.15 6.64 95.79
1 0 0.94 0.15 6.57 98.02
1 0 0.94 0.15 6.5 100.24
1 0 0.94 0.16 6.43 102.47
1 0 0.94 0.16 6.36 104.7
1 0 0.94 0.16 6.29 106.92
1 0 0.94 0.16 6.22 109.15
1 0 0.96 0.08 12.9 0.0
1 0 0.96 0.08 12.62 2.24
1 0 0.96 0.08 12.36 4.47
1 0 0.96 0.08 12.1 6.71
1 0 0.96 0.08 11.86 8.95
1 0 0.96 0.09 11.62 11.18
1 0 0.96 0.09 11.4 13.42
1 0 0.96 0.09 11.18 15.66
1 0 0.96 0.09 10.97 17.89
1 0 0.96 0.09 10.77 20.13
1 0 0.96 0.09 10.58 22.37
1 0 0.96 0.1 10.39 24.6
1 0 0.96 0.1 10.21 26.84
1 0 0.96 0.1 10.04 29.08
1 0 0.96 0.1 9.87 31.31
1 0 0.96 0.1 9.71 33.55
1 0 0.96 0.1 9.55 35.79
1 0 0.96 0.11 9.4 38.02
1 0 0.96 0.11 9.25 40.26
1 0 0.96 0.11 9.11 42.49
1 0 0.96 0.11 8.97 44.73
1 0 0.96 0.11 8.83 46.96
1 0 0.96 0.11 8.7 49.2
1 0 0.96 0.12 8.58 51.44
1 0 0.96 0.12 8.45 53.67
1 0 0.96 0.12 8.33 55.91
1 0 0.96 0.12 8.22 58.14
1 0 0.96 0.12 8.11 60.38
1 0 0.96 0.13 8.0 62.61
1 0 0.96 0.13 7.89 64.85
1 0 0.96 0.13 7.78 67.08
1 0 0.96 0.13 7.68 69.32
1 0 0.96 0.13 7.58 71.56
1 0 0.96 0.13 7.49 73.79
1 0 0.96 0.14 7.39 76.03
1 0 0.96 0.14 7.3 78.26
1 0 0.96 0.14 7.21 80.5
1 0 0.96 0.14 7.13 82.73
1 0 0.96 0.14 7.04 84.97
1 0 0.96 0.14 6.96 87.2
1 0 0.96 0.15 6.88 89.43
1 0 0.96 0.15 6.8 91.67
1 0 0.96 0.15 6.72 93.9
1 0 0.96 0.15 6.64 96.14
1 0 0.96 0.15 6.57 98.37
1 0 0.96 0.15 6.5 100.61
1 0 0.96 0.16 6.43 102.84
1 0 0.96 0.16 6.36 105.08
1 0 0.96 0.16 6.29 107.31
1 0 0.96 0.16 6.22 109.54
1 0 0.98 0.08 12.9 0.0
1 0 0.98 0.08 12.62 2.25
1 0 0.98 0.08 12.36 4.49
1 0 0.98 0.08 12.1 6.73
1 0 0.98 0.08 11.86 8.98
1 0 0.98 0.09 11.62 11.22
1 0 0.98 0.09 11.4 13.47
1 0 0.98 0.09 11.18 15.71
1 0 0.98 0.09 10.97 17.96
1 0 0.98 0.09 10.77 20.2
1 0 0.98 0.09 10.58 22.45
1 0 0.98 0.1 10.39 24.69
1 0 0.98 0.1 10.21 26.94
1 0 0.98 0.1 10.04 29.18
1 0 0.98 0.1 9.87 31.42
1 0 0.98 0.1 9.71 33.67
1 0 0.98 0.1 9.55 35.91
1 0 0.98 0.11 9.4 38.16
1 0 0.98 0.11 9.25 40.4
1 0 0.98 0.11 9.11 42.65
1 0 0.98 0.11 8.97 44.89
1 0 0.98 0.11 8.83 47.13
1 0 0.98 0.11 8.7 49.38
1 0 0.98 0.12 8.58 51.62
1 0 0.98 0.12 8.45 53.86
1 0 0.98 0.12 8.33 56.11
1 0 0.98 0.12 8.22 58.35
1 0 0.98 0.12 8.11 60.59
1 0 0.98 0.13 8.0 62.84
1 0 0.98 0.13 7.89 65.08
1 0 0.98 0.13 7.78 67.33
1 0 0.98 0.13 7.68 69.57
1 0 0.98 0.13 7.58 71.81
1 0 0.98 0.13 7.49 74.05
1 0 0.98 0.14 7.39 76.3
1 0 0.98 0.14 7.3 78.54
1 0 0.98 0.14 7.21 80.78
1 0 0.98 0.14 7.13 83.03
1 0 0.98 0.14 7.04 85.27
1 0 0.98 0.14 6.96 87.51
1 0 0.98 0.15 6.88 89.76
1 0 0.98 0.15 6.8 92.0
1 0 0.98 0.15 6.72 94.24
1 0 0.98 0.15 6.64 96.48
1 0 0.98 0.15 6.57 98.73
1 0 0.98 0.15 6.5 100.97
1 0 0.98 0.16 6.43 103.21
1 0 0.98 0.16 6.36 105.45
1 0 0.98 0.16 6.29 107.7
1 0 0.98 0.16 6.22 109.94
1 0 1.0 0.08 12.9 0.0
1 0 1.0 0.08 12.62 2.25
1 0 1.0 0.08 12.36 4.51
1 0 1.0 0.08 12.1 6.76
1 0 1.0 0.08 11.86 9.01
1 0 1.0 0.09 11.62 11.26
1 0 1.0 0.09 11.4 13.52
1 0 1.0 0.09 11.18 15.77
1 0 1.0 0.09 10.97 18.02
1 0 1.0 0.09 10.77 20.27
1 0 1.0 0.09 10.58 22.53
1 0 1.0 0.1 10.39 24.78
1 0 1.0 0.1 10.21 27.03
1 0 1.0 0.1 10.04 29.28
1 0 1.0 0.1 9.87 31.54
1 0 1.0 0.1 9.71 33.79
1 0 1.0 0.1 9.55 36.04
1 0 1.0 0.11 9.4 38.29
1 0 1.0 0.11 9.25 40.54
1 0 1.0 0.11 9.11 42.8
1 0 1.0 0.11 8.97 45.05
1 0 1.0 0.11 8.83 47.3
1 0 1.0 0.11 8.7 49.55
1 0 1.0 0.12 8.58 51.8
1 0 1.0 0.12 8.45 54.06
1 0 1.0 0.12 8.33 56.31
1 0 1.0 0.12 8.22 58.56
1 0 1.0 0.12 8.11 60.81
1 0 1.0 0.13 8.0 63.06
1 0 1.0 0.13 7.89 65.31
1 0 1.0 0.13 7.78 67.56
1 0 1.0 0.13 7.68 69.82
1 0 1.0 0.13 7.58 72.07
1 0 1.0 0.13 7.49 74.32
1 0 1.0 0.14 7.39 76.57
1 0 1.0 0.14 7.3 78.82
1 0 1.0 0.14 7.21 81.07
1 0 1.0 0.14 7.13 83.32
1 0 1.0 0.14 7.04 85.57
1 0 1.0 0.14 6.96 87.82
1 0 1.0 0.15 6.88 90.07
1 0 1.0 0.15 6.8 92.32
1 0 1.0 0.15 6.72 94.57
1 0 1.0 0.15 6.64 96.83
1 0 1.0 0.15 6.57 99.08
1 0 1.0 0.15 6.5 101.33
1 0 1.0 0.16 6.43 103.58
1 0 1.0 0.16 6.36 105.83
1 0 1.0 0.16 6.29 108.08
1 0 1.0 0.16 6.22 110.33
